1.425266265869140625e-02 2.597093582153320312e-03
1.391553878784179688e-02 2.557754516601562500e-03
1.430153846740722656e-02 2.604484558105468750e-03
1.430940628051757812e-02 2.637386322021484375e-03
1.448965072631835938e-02 2.581119537353515625e-03
1.389050483703613281e-02 2.528429031372070312e-03
1.357340812683105469e-02 2.489805221557617188e-03
1.409840583801269531e-02 2.580404281616210938e-03
1.386785507202148438e-02 2.534627914428710938e-03
1.380920410156250000e-02 2.527475357055664062e-03
1.366519927978515625e-02 2.493858337402343750e-03
1.372909545898437500e-02 2.487182617187500000e-03
1.383972167968750000e-02 2.524137496948242188e-03
1.358532905578613281e-02 2.509832382202148438e-03
1.373100280761718750e-02 2.514123916625976562e-03
1.371860504150390625e-02 2.501249313354492188e-03
1.369690895080566406e-02 2.501010894775390625e-03
1.408076286315917969e-02 2.630710601806640625e-03
1.359415054321289062e-02 2.498865127563476562e-03
1.384329795837402344e-02 2.499341964721679688e-03
1.377391815185546875e-02 2.485752105712890625e-03
1.373457908630371094e-02 2.504825592041015625e-03
1.366710662841796875e-02 2.496004104614257812e-03
1.362395286560058594e-02 2.499341964721679688e-03
1.328301429748535156e-02 2.478599548339843750e-03
1.367664337158203125e-02 2.504348754882812500e-03
1.366090774536132812e-02 2.501487731933593750e-03
