4.980206489562988281e-02 1.040148735046386719e-02
4.891586303710937500e-02 1.029348373413085938e-02
4.825592041015625000e-02 9.765148162841796875e-03
4.857444763183593750e-02 9.768486022949218750e-03
4.783368110656738281e-02 9.616136550903320312e-03
6.545186042785644531e-02 9.711980819702148438e-03
4.770898818969726562e-02 9.876728057861328125e-03
6.635665893554687500e-02 9.756803512573242188e-03
6.606507301330566406e-02 9.670257568359375000e-03
6.636047363281250000e-02 9.884119033813476562e-03
4.756641387939453125e-02 9.729862213134765625e-03
4.757213592529296875e-02 9.716272354125976562e-03
5.193758010864257812e-02 1.018285751342773438e-02
4.955697059631347656e-02 1.023554801940917969e-02
4.931378364562988281e-02 9.839534759521484375e-03
4.747796058654785156e-02 9.748220443725585938e-03
4.773211479187011719e-02 9.755373001098632812e-03
4.745745658874511719e-02 9.725093841552734375e-03
4.751086235046386719e-02 9.665012359619140625e-03
4.747581481933593750e-02 9.700775146484375000e-03
4.749751091003417969e-02 9.676694869995117188e-03
4.758119583129882812e-02 9.707450866699218750e-03
4.747843742370605469e-02 9.662389755249023438e-03
4.868865013122558594e-02 9.758949279785156250e-03
4.751849174499511719e-02 9.671688079833984375e-03
4.777598381042480469e-02 9.750127792358398438e-03
4.865074157714843750e-02 9.758234024047851562e-03
4.761219024658203125e-02 9.629011154174804688e-03
4.742598533630371094e-02 9.717702865600585938e-03
4.742789268493652344e-02 9.710788726806640625e-03
4.741287231445312500e-02 9.699106216430664062e-03
4.743957519531250000e-02 9.574174880981445312e-03
4.873895645141601562e-02 9.727478027343750000e-03
4.901576042175292969e-02 9.983777999877929688e-03
4.766654968261718750e-02 9.671211242675781250e-03
4.743432998657226562e-02 9.613990783691406250e-03
4.745221138000488281e-02 9.717226028442382812e-03
4.753351211547851562e-02 9.834766387939453125e-03
4.767251014709472656e-02 9.720563888549804688e-03
4.754662513732910156e-02 9.683847427368164062e-03
4.858684539794921875e-02 9.712696075439453125e-03
4.747128486633300781e-02 9.742021560668945312e-03
4.780292510986328125e-02 9.711742401123046875e-03
4.752016067504882812e-02 9.671449661254882812e-03
4.756307601928710938e-02 9.778976440429687500e-03
4.750776290893554688e-02 9.733200073242187500e-03
4.771375656127929688e-02 9.651899337768554688e-03
4.750323295593261719e-02 9.599924087524414062e-03
4.757165908813476562e-02 9.769678115844726562e-03
4.742860794067382812e-02 9.675264358520507812e-03
