1.610746383666992188e-01 1.801657676696777344e-02
1.515140533447265625e-01 1.287388801574707031e-02
2.543630599975585938e-01 1.324605941772460938e-02
1.523439884185791016e-01 1.314306259155273438e-02
1.524994373321533203e-01 1.306676864624023438e-02
1.525316238403320312e-01 1.299262046813964844e-02
1.520390510559082031e-01 1.307153701782226562e-02
1.509661674499511719e-01 1.289868354797363281e-02
1.709072589874267578e-01 1.314067840576171875e-02
1.676747798919677734e-01 1.303935050964355469e-02
1.527988910675048828e-01 1.435041427612304688e-02
1.582272052764892578e-01 1.357030868530273438e-02
1.534864902496337891e-01 1.312494277954101562e-02
1.531162261962890625e-01 1.307845115661621094e-02
1.532678604125976562e-01 1.313638687133789062e-02
1.517579555511474609e-01 1.295137405395507812e-02
1.534476280212402344e-01 1.316547393798828125e-02
1.719696521759033203e-01 1.310467720031738281e-02
1.520428657531738281e-01 1.304650306701660156e-02
1.533117294311523438e-01 1.317453384399414062e-02
1.519410610198974609e-01 1.296329498291015625e-02
1.516602039337158203e-01 1.304960250854492188e-02
1.521830558776855469e-01 1.305866241455078125e-02
1.518003940582275391e-01 1.305389404296875000e-02
1.594560146331787109e-01 1.378035545349121094e-02
1.541705131530761719e-01 1.308798789978027344e-02
1.548025608062744141e-01 1.315760612487792969e-02
1.551783084869384766e-01 1.310229301452636719e-02
1.542050838470458984e-01 1.310133934020996094e-02
1.532244682312011719e-01 1.296472549438476562e-02
1.538639068603515625e-01 1.300549507141113281e-02
1.539554595947265625e-01 1.310133934020996094e-02
1.545898914337158203e-01 1.309037208557128906e-02
1.534962654113769531e-01 1.296877861022949219e-02
1.540129184722900391e-01 1.308274269104003906e-02
1.535916328430175781e-01 1.298332214355468750e-02
1.537816524505615234e-01 1.302576065063476562e-02
1.574461460113525391e-01 1.339149475097656250e-02
1.578242778778076172e-01 1.318979263305664062e-02
1.536333560943603516e-01 1.296210289001464844e-02
1.534698009490966797e-01 1.308155059814453125e-02
1.534211635589599609e-01 1.301550865173339844e-02
