3.621315956115722656e-02 3.218889236450195312e-03
3.657245635986328125e-02 3.255128860473632812e-03
3.626751899719238281e-02 3.220558166503906250e-03
3.593564033508300781e-02 3.128290176391601562e-03
3.644871711730957031e-02 3.180980682373046875e-03
3.625249862670898438e-02 3.210783004760742188e-03
3.647160530090332031e-02 3.257513046264648438e-03
3.625321388244628906e-02 3.212451934814453125e-03
3.657150268554687500e-02 3.256559371948242188e-03
3.660988807678222656e-02 3.242254257202148438e-03
3.650403022766113281e-02 3.285169601440429688e-03
3.649568557739257812e-02 3.232002258300781250e-03
3.654932975769042969e-02 3.237724304199218750e-03
3.624272346496582031e-02 3.253698348999023438e-03
3.662228584289550781e-02 3.269195556640625000e-03
3.616738319396972656e-02 3.244638442993164062e-03
3.641843795776367188e-02 3.230333328247070312e-03
3.631663322448730469e-02 3.273963928222656250e-03
3.559851646423339844e-02 3.042221069335937500e-03
3.660130500793457031e-02 3.190517425537109375e-03
3.574752807617187500e-02 3.084659576416015625e-03
3.631234169006347656e-02 3.272771835327148438e-03
3.651380538940429688e-02 3.247261047363281250e-03
3.636264801025390625e-02 3.220319747924804688e-03
3.553509712219238281e-02 3.108024597167968750e-03
3.548479080200195312e-02 3.079891204833984375e-03
3.745913505554199219e-02 3.559589385986328125e-03
3.825259208679199219e-02 3.349065780639648438e-03
3.669404983520507812e-02 3.265619277954101562e-03
7.502627372741699219e-02 4.016637802124023438e-03
3.678941726684570312e-02 3.047227859497070312e-03
3.625893592834472656e-02 3.174304962158203125e-03
3.631782531738281250e-02 3.122091293334960938e-03
3.601121902465820312e-02 3.142595291137695312e-03
3.627371788024902344e-02 3.099679946899414062e-03
3.610134124755859375e-02 3.136634826660156250e-03
3.687953948974609375e-02 3.248214721679687500e-03
3.628015518188476562e-02 3.167390823364257812e-03
8.374619483947753906e-02 4.718303680419921875e-03
3.984045982360839844e-02 3.404378890991210938e-03
3.640484809875488281e-02 3.039360046386718750e-03
3.586149215698242188e-02 3.125667572021484375e-03
3.624868392944335938e-02 3.072500228881835938e-03
3.597044944763183594e-02 3.103256225585937500e-03
3.658318519592285156e-02 3.164291381835937500e-03
3.693509101867675781e-02 3.235816955566406250e-03
3.632044792175292969e-02 3.122091293334960938e-03
3.599119186401367188e-02 3.124713897705078125e-03
3.602313995361328125e-02 3.103971481323242188e-03
3.619623184204101562e-02 3.036737442016601562e-03
3.599500656127929688e-02 3.048896789550781250e-03
3.601956367492675781e-02 3.147602081298828125e-03
3.609967231750488281e-02 3.064155578613281250e-03
3.610849380493164062e-02 3.132581710815429688e-03
3.596949577331542969e-02 3.088951110839843750e-03
