3.016066551208496094e-02 2.960920333862304688e-03
4.729628562927246094e-02 2.965450286865234375e-03
3.011417388916015625e-02 3.041028976440429688e-03
3.018641471862792969e-02 3.016710281372070312e-03
2.959847450256347656e-02 2.980947494506835938e-03
3.213548660278320312e-02 3.448963165283203125e-03
3.348326683044433594e-02 3.261804580688476562e-03
3.322124481201171875e-02 3.200769424438476562e-03
3.303790092468261719e-02 3.184795379638671875e-03
3.306031227111816406e-02 3.200292587280273438e-03
3.303122520446777344e-02 3.200769424438476562e-03
3.261733055114746094e-02 3.158569335937500000e-03
9.253001213073730469e-02 6.973028182983398438e-03
3.960037231445312500e-02 3.028869628906250000e-03
3.272938728332519531e-02 3.108739852905273438e-03
3.223347663879394531e-02 3.097057342529296875e-03
3.157734870910644531e-02 3.048419952392578125e-03
3.196859359741210938e-02 3.007888793945312500e-03
3.264927864074707031e-02 3.156900405883789062e-03
3.187036514282226562e-02 3.051757812500000000e-03
3.256869316101074219e-02 3.165960311889648438e-03
3.185462951660156250e-02 3.045558929443359375e-03
3.186130523681640625e-02 3.059148788452148438e-03
3.205776214599609375e-02 3.056287765502929688e-03
3.155112266540527344e-02 2.949237823486328125e-03
3.232431411743164062e-02 3.171443939208984375e-03
3.276300430297851562e-02 3.143310546875000000e-03
3.166151046752929688e-02 3.014564514160156250e-03
3.212714195251464844e-02 3.132581710815429688e-03
3.198432922363281250e-02 3.001451492309570312e-03
3.179335594177246094e-02 2.990484237670898438e-03
3.215050697326660156e-02 2.987146377563476562e-03
3.155398368835449219e-02 2.989768981933593750e-03
3.160881996154785156e-02 2.979516983032226562e-03
3.145194053649902344e-02 3.008365631103515625e-03
3.205204010009765625e-02 3.051519393920898438e-03
3.260231018066406250e-02 3.149986267089843750e-03
3.253698348999023438e-02 3.129959106445312500e-03
3.176665306091308594e-02 3.002405166625976562e-03
3.173661231994628906e-02 3.018140792846679688e-03
3.252911567687988281e-02 3.144025802612304688e-03
3.168892860412597656e-02 2.993583679199218750e-03
3.136754035949707031e-02 3.025531768798828125e-03
3.154158592224121094e-02 3.005743026733398438e-03
3.174042701721191406e-02 3.013372421264648438e-03
3.159952163696289062e-02 2.995729446411132812e-03
3.145313262939453125e-02 2.980470657348632812e-03
3.144145011901855469e-02 2.984523773193359375e-03
3.146338462829589844e-02 3.007173538208007812e-03
3.152537345886230469e-02 2.986431121826171875e-03
