8.545470237731933594e-02 1.483345031738281250e-02
8.560776710510253906e-02 1.120805740356445312e-02
7.896733283996582031e-02 1.101732254028320312e-02
7.779812812805175781e-02 1.089787483215332031e-02
9.686088562011718750e-02 1.084828376770019531e-02
9.458875656127929688e-02 1.065373420715332031e-02
7.714223861694335938e-02 1.101517677307128906e-02
7.770991325378417969e-02 1.080870628356933594e-02
7.798671722412109375e-02 1.063680648803710938e-02
7.805204391479492188e-02 1.065301895141601562e-02
7.789254188537597656e-02 1.085329055786132812e-02
9.705185890197753906e-02 1.090145111083984375e-02
7.830643653869628906e-02 1.088118553161621094e-02
7.796454429626464844e-02 1.095104217529296875e-02
7.700395584106445312e-02 1.060891151428222656e-02
7.817220687866210938e-02 1.069188117980957031e-02
7.797050476074218750e-02 1.078891754150390625e-02
7.672643661499023438e-02 1.050496101379394531e-02
7.666206359863281250e-02 1.051473617553710938e-02
7.724094390869140625e-02 1.083779335021972656e-02
8.228659629821777344e-02 1.112484931945800781e-02
8.045339584350585938e-02 1.112794876098632812e-02
7.810902595520019531e-02 1.085138320922851562e-02
7.735133171081542969e-02 1.068067550659179688e-02
7.752132415771484375e-02 1.076984405517578125e-02
7.745027542114257812e-02 1.081585884094238281e-02
