2.059245109558105469e-02 2.778768539428710938e-03
2.064681053161621094e-02 2.847194671630859375e-03
2.060556411743164062e-02 2.768039703369140625e-03
2.078199386596679688e-02 2.819299697875976562e-03
2.079963684082031250e-02 2.800703048706054688e-03
2.057385444641113281e-02 2.804756164550781250e-03
2.008748054504394531e-02 2.698183059692382812e-03
1.986455917358398438e-02 2.763986587524414062e-03
2.000737190246582031e-02 2.706527709960937500e-03
2.063870429992675781e-02 3.041982650756835938e-03
2.177047729492187500e-02 3.036737442016601562e-03
2.102828025817871094e-02 2.900362014770507812e-03
2.055096626281738281e-02 2.743482589721679688e-03
2.052140235900878906e-02 2.818346023559570312e-03
2.054667472839355469e-02 2.810478210449218750e-03
