5.635571479797363281e-02 1.039433479309082031e-02
5.476427078247070312e-02 1.025009155273437500e-02
5.243849754333496094e-02 9.677410125732421875e-03
5.379080772399902344e-02 9.759664535522460938e-03
5.356907844543457031e-02 9.767532348632812500e-03
8.347463607788085938e-02 1.270246505737304688e-02
5.448079109191894531e-02 9.772777557373046875e-03
5.395627021789550781e-02 9.858131408691406250e-03
5.391621589660644531e-02 9.999275207519531250e-03
5.267834663391113281e-02 9.788751602172851562e-03
5.299830436706542969e-02 9.777784347534179688e-03
5.262303352355957031e-02 9.685993194580078125e-03
5.269384384155273438e-02 9.652376174926757812e-03
5.425763130187988281e-02 9.934902191162109375e-03
5.179452896118164062e-02 9.619474411010742188e-03
5.191564559936523438e-02 9.759426116943359375e-03
5.176424980163574219e-02 9.755134582519531250e-03
5.299901962280273438e-02 9.830713272094726562e-03
5.355882644653320312e-02 9.725570678710937500e-03
5.241155624389648438e-02 9.498596191406250000e-03
5.183720588684082031e-02 9.609937667846679688e-03
5.382537841796875000e-02 9.825468063354492188e-03
5.283403396606445312e-02 9.685993194580078125e-03
5.314850807189941406e-02 9.764194488525390625e-03
5.261063575744628906e-02 9.579420089721679688e-03
5.197262763977050781e-02 9.578466415405273438e-03
8.289885520935058594e-02 1.252603530883789062e-02
5.267286300659179688e-02 9.576082229614257812e-03
5.195021629333496094e-02 9.626626968383789062e-03
5.432391166687011719e-02 9.867429733276367188e-03
5.369424819946289062e-02 9.765386581420898438e-03
5.273699760437011719e-02 9.710550308227539062e-03
6.477499008178710938e-02 1.105761528015136719e-02
5.670738220214843750e-02 1.032233238220214844e-02
5.606818199157714844e-02 1.023292541503906250e-02
5.382156372070312500e-02 9.946584701538085938e-03
5.472707748413085938e-02 9.927511215209960938e-03
5.339646339416503906e-02 9.737253189086914062e-03
5.412507057189941406e-02 9.934663772583007812e-03
5.316519737243652344e-02 9.799003601074218750e-03
5.294013023376464844e-02 9.817600250244140625e-03
5.256700515747070312e-02 9.870052337646484375e-03
5.231213569641113281e-02 9.745359420776367188e-03
5.276060104370117188e-02 9.722948074340820312e-03
5.270957946777343750e-02 9.809255599975585938e-03
5.274271965026855469e-02 9.725809097290039062e-03
5.230665206909179688e-02 9.969234466552734375e-03
5.320477485656738281e-02 9.825944900512695312e-03
5.297756195068359375e-02 9.859561920166015625e-03
5.334663391113281250e-02 1.004767417907714844e-02
5.455064773559570312e-02 9.900569915771484375e-03
5.272769927978515625e-02 9.779930114746093750e-03
5.491924285888671875e-02 9.969234466552734375e-03
5.371499061584472656e-02 9.846448898315429688e-03
5.233693122863769531e-02 9.910106658935546875e-03
5.264997482299804688e-02 9.814262390136718750e-03
5.314874649047851562e-02 9.884357452392578125e-03
5.389714241027832031e-02 1.000118255615234375e-02
5.210137367248535156e-02 9.806871414184570312e-03
5.284476280212402344e-02 9.763479232788085938e-03
5.426383018493652344e-02 9.918928146362304688e-03
5.361843109130859375e-02 9.882450103759765625e-03
5.261754989624023438e-02 9.925842285156250000e-03
5.224514007568359375e-02 9.844541549682617188e-03
5.320286750793457031e-02 9.858131408691406250e-03
5.218052864074707031e-02 9.757280349731445312e-03
5.203318595886230469e-02 9.703874588012695312e-03
5.422520637512207031e-02 1.068830490112304688e-02
5.653667449951171875e-02 1.002335548400878906e-02
5.513834953308105469e-02 1.023221015930175781e-02
5.397105216979980469e-02 9.859323501586914062e-03
5.323171615600585938e-02 9.906053543090820312e-03
5.251026153564453125e-02 9.802341461181640625e-03
5.301904678344726562e-02 9.768962860107421875e-03
5.277633666992187500e-02 9.759902954101562500e-03
5.312514305114746094e-02 9.869098663330078125e-03
5.237579345703125000e-02 9.735584259033203125e-03
5.298709869384765625e-02 9.883165359497070312e-03
5.343651771545410156e-02 9.869337081909179688e-03
