7.877588272094726562e-02 1.485133171081542969e-02
7.706642150878906250e-02 1.350021362304687500e-02
7.178592681884765625e-02 1.056289672851562500e-02
7.190775871276855469e-02 1.049017906188964844e-02
7.213854789733886719e-02 1.050901412963867188e-02
7.194519042968750000e-02 1.080846786499023438e-02
7.183241844177246094e-02 5.219864845275878906e-02
7.219648361206054688e-02 1.043391227722167969e-02
7.186150550842285156e-02 1.042699813842773438e-02
9.041404724121093750e-02 1.062965393066406250e-02
7.024478912353515625e-02 1.047253608703613281e-02
7.214117050170898438e-02 1.051592826843261719e-02
7.041907310485839844e-02 1.054000854492187500e-02
7.126355171203613281e-02 1.045417785644531250e-02
7.168579101562500000e-02 1.050853729248046875e-02
7.070946693420410156e-02 1.035046577453613281e-02
7.165431976318359375e-02 1.050376892089843750e-02
7.050442695617675781e-02 1.047396659851074219e-02
7.554650306701660156e-02 1.091289520263671875e-02
7.306551933288574219e-02 1.062560081481933594e-02
7.151365280151367188e-02 1.068162918090820312e-02
7.077169418334960938e-02 1.040983200073242188e-02
7.076883316040039062e-02 1.043105125427246094e-02
7.032155990600585938e-02 1.038408279418945312e-02
9.043216705322265625e-02 1.052355766296386719e-02
7.050704956054687500e-02 1.039600372314453125e-02
7.078027725219726562e-02 1.055359840393066406e-02
7.083034515380859375e-02 1.036381721496582031e-02
7.207012176513671875e-02 1.056957244873046875e-02
7.079124450683593750e-02 1.034593582153320312e-02
7.225918769836425781e-02 1.056432723999023438e-02
7.205581665039062500e-02 1.055264472961425781e-02
7.077455520629882812e-02 1.049089431762695312e-02
7.096147537231445312e-02 1.035928726196289062e-02
7.195067405700683594e-02 1.051259040832519531e-02
7.045149803161621094e-02 1.050138473510742188e-02
8.807110786437988281e-02 1.052522659301757812e-02
7.053995132446289062e-02 1.040387153625488281e-02
7.171654701232910156e-02 1.057648658752441406e-02
7.093906402587890625e-02 1.041340827941894531e-02
7.039642333984375000e-02 1.030755043029785156e-02
7.063603401184082031e-02 1.036024093627929688e-02
7.194495201110839844e-02 1.063919067382812500e-02
7.068204879760742188e-02 1.041698455810546875e-02
7.089710235595703125e-02 1.174020767211914062e-02
7.497477531433105469e-02 1.091003417968750000e-02
7.274508476257324219e-02 1.084613800048828125e-02
7.066154479980468750e-02 1.045179367065429688e-02
7.067012786865234375e-02 1.040482521057128906e-02
7.157897949218750000e-02 1.055288314819335938e-02
7.081508636474609375e-02 1.043009757995605469e-02
7.066535949707031250e-02 1.046133041381835938e-02
7.055521011352539062e-02 1.039862632751464844e-02
7.104682922363281250e-02 1.047730445861816406e-02
7.145738601684570312e-02 1.056838035583496094e-02
7.063150405883789062e-02 1.043796539306640625e-02
7.064342498779296875e-02 1.051735877990722656e-02
7.054376602172851562e-02 1.039481163024902344e-02
7.035231590270996094e-02 1.041746139526367188e-02
