2.726936340332031250e-02 2.918958663940429688e-03
2.755570411682128906e-02 2.907991409301757812e-03
2.718329429626464844e-02 2.916097640991210938e-03
2.771282196044921875e-02 2.934455871582031250e-03
2.754592895507812500e-02 2.916336059570312500e-03
2.722644805908203125e-02 2.914428710937500000e-03
2.739453315734863281e-02 2.925157546997070312e-03
2.691459655761718750e-02 2.870559692382812500e-03
2.720379829406738281e-02 2.879858016967773438e-03
2.761292457580566406e-02 2.976894378662109375e-03
2.764368057250976562e-02 2.918958663940429688e-03
2.723026275634765625e-02 2.924919128417968750e-03
2.744460105895996094e-02 2.958297729492187500e-03
2.704739570617675781e-02 2.907037734985351562e-03
2.663516998291015625e-02 2.825736999511718750e-03
2.600288391113281250e-02 2.940893173217773438e-03
2.684259414672851562e-02 2.869606018066406250e-03
2.676439285278320312e-02 2.832889556884765625e-03
2.745032310485839844e-02 2.927780151367187500e-03
2.737927436828613281e-02 2.968311309814453125e-03
2.684712409973144531e-02 2.876281738281250000e-03
2.678823471069335938e-02 2.879619598388671875e-03
2.711606025695800781e-02 2.880811691284179688e-03
2.652120590209960938e-02 2.886295318603515625e-03
1.257402896881103516e-01 1.068019866943359375e-02
4.081678390502929688e-02 3.555536270141601562e-03
2.769088745117187500e-02 2.836465835571289062e-03
2.657222747802734375e-02 2.834796905517578125e-03
2.669954299926757812e-02 2.831697463989257812e-03
2.689743041992187500e-02 2.825736999511718750e-03
2.661013603210449219e-02 2.819538116455078125e-03
2.657032012939453125e-02 2.823591232299804688e-03
2.650237083435058594e-02 2.831220626831054688e-03
2.650499343872070312e-02 2.835750579833984375e-03
