3.704285621643066406e-02 3.211498260498046875e-03
3.700613975524902344e-02 3.288030624389648438e-03
3.737401962280273438e-02 3.245353698730468750e-03
3.696131706237792969e-02 3.281354904174804688e-03
3.711557388305664062e-02 3.301858901977539062e-03
3.694748878479003906e-02 3.241539001464843750e-03
3.697037696838378906e-02 3.237009048461914062e-03
3.728008270263671875e-02 3.276586532592773438e-03
3.625535964965820312e-02 3.129482269287109375e-03
3.702712059020996094e-02 3.228187561035156250e-03
3.596329689025878906e-02 3.033876419067382812e-03
3.602385520935058594e-02 3.135919570922851562e-03
3.603172302246093750e-02 3.095388412475585938e-03
3.606152534484863281e-02 3.129720687866210938e-03
3.603386878967285156e-02 3.037214279174804688e-03
3.621625900268554688e-02 3.091812133789062500e-03
3.599071502685546875e-02 3.067255020141601562e-03
3.624510765075683594e-02 3.154754638671875000e-03
3.603172302246093750e-02 3.147125244140625000e-03
