1.848983764648437500e-02 2.776622772216796875e-03
1.804471015930175781e-02 2.663612365722656250e-03
1.863431930541992188e-02 2.717018127441406250e-03
1.871967315673828125e-02 2.742767333984375000e-03
1.876187324523925781e-02 2.727031707763671875e-03
1.861453056335449219e-02 2.739191055297851562e-03
1.863741874694824219e-02 2.735137939453125000e-03
1.863169670104980469e-02 2.741336822509765625e-03
1.867842674255371094e-02 2.735614776611328125e-03
1.874732971191406250e-02 2.717494964599609375e-03
1.870989799499511719e-02 2.723932266235351562e-03
1.877117156982421875e-02 2.744913101196289062e-03
1.858806610107421875e-02 2.734661102294921875e-03
1.791954040527343750e-02 2.669572830200195312e-03
1.779747009277343750e-02 2.634763717651367188e-03
1.853489875793457031e-02 2.722501754760742188e-03
1.800656318664550781e-02 2.637863159179687500e-03
1.802301406860351562e-02 2.623081207275390625e-03
1.793289184570312500e-02 2.622127532958984375e-03
1.798486709594726562e-02 2.613067626953125000e-03
1.861333847045898438e-02 2.729415893554687500e-03
1.793098449707031250e-02 2.674818038940429688e-03
1.807355880737304688e-02 2.658367156982421875e-03
1.799225807189941406e-02 2.640008926391601562e-03
1.783275604248046875e-02 2.618551254272460938e-03
1.800942420959472656e-02 2.670288085937500000e-03
1.805043220520019531e-02 2.630949020385742188e-03
1.791787147521972656e-02 2.637147903442382812e-03
1.800084114074707031e-02 2.629995346069335938e-03
1.800036430358886719e-02 2.626657485961914062e-03
