8.752131462097167969e-02 1.496934890747070312e-02
8.763504028320312500e-02 1.046395301818847656e-02
7.824945449829101562e-02 1.063036918640136719e-02
7.908511161804199219e-02 1.095366477966308594e-02
7.752776145935058594e-02 1.068186759948730469e-02
7.892227172851562500e-02 1.073002815246582031e-02
7.755041122436523438e-02 1.073908805847167969e-02
7.750248908996582031e-02 1.055359840393066406e-02
7.750082015991210938e-02 1.054358482360839844e-02
7.762217521667480469e-02 1.044082641601562500e-02
7.749819755554199219e-02 1.068902015686035156e-02
7.757234573364257812e-02 1.062250137329101562e-02
7.745599746704101562e-02 1.060175895690917969e-02
7.731914520263671875e-02 1.051878929138183594e-02
7.736086845397949219e-02 1.046776771545410156e-02
