3.254699707031250000e-02 3.110647201538085938e-03
3.258943557739257812e-02 3.144264221191406250e-03
3.263878822326660156e-02 3.141403198242187500e-03
1.373445987701416016e-01 7.028341293334960938e-03
3.970360755920410156e-02 3.502368927001953125e-03
3.192496299743652344e-02 3.000974655151367188e-03
3.150844573974609375e-02 2.896547317504882812e-03
3.153228759765625000e-02 2.981185913085937500e-03
3.143811225891113281e-02 3.000020980834960938e-03
3.161287307739257812e-02 3.003120422363281250e-03
3.142046928405761719e-02 2.998828887939453125e-03
3.162550926208496094e-02 2.973079681396484375e-03
3.161740303039550781e-02 3.017902374267578125e-03
3.168344497680664062e-02 2.982139587402343750e-03
