5.463314056396484375e-02 1.019859313964843750e-02
5.659627914428710938e-02 1.349711418151855469e-02
5.547761917114257812e-02 9.627819061279296875e-03
5.219769477844238281e-02 9.643793106079101562e-03
5.174422264099121094e-02 9.691715240478515625e-03
5.117845535278320312e-02 9.758234024047851562e-03
5.219459533691406250e-02 9.831190109252929688e-03
5.248856544494628906e-02 9.808063507080078125e-03
5.240273475646972656e-02 9.582042694091796875e-03
5.166816711425781250e-02 9.652853012084960938e-03
5.322599411010742188e-02 9.771823883056640625e-03
5.127072334289550781e-02 9.634256362915039062e-03
5.226898193359375000e-02 9.832382202148437500e-03
5.155515670776367188e-02 9.743928909301757812e-03
9.640717506408691406e-02 1.542758941650390625e-02
5.339288711547851562e-02 9.645938873291015625e-03
5.179882049560546875e-02 9.613752365112304688e-03
5.256652832031250000e-02 9.820222854614257812e-03
5.586719512939453125e-02 1.032686233520507812e-02
5.412793159484863281e-02 1.019716262817382812e-02
5.380535125732421875e-02 1.011896133422851562e-02
5.184912681579589844e-02 9.666204452514648438e-03
5.152463912963867188e-02 9.671449661254882812e-03
5.250811576843261719e-02 9.763479232788085938e-03
5.154013633728027344e-02 9.588003158569335938e-03
5.210614204406738281e-02 9.770631790161132812e-03
5.181002616882324219e-02 9.741306304931640625e-03
5.233526229858398438e-02 9.660243988037109375e-03
5.171823501586914062e-02 9.698867797851562500e-03
5.144572257995605469e-02 9.652137756347656250e-03
5.197000503540039062e-02 9.674549102783203125e-03
5.156087875366210938e-02 9.597063064575195312e-03
5.172514915466308594e-02 9.711027145385742188e-03
5.145382881164550781e-02 9.668111801147460938e-03
5.182266235351562500e-02 9.638547897338867188e-03
