1.215004920959472656e-01 1.247310638427734375e-02
1.204938888549804688e-01 1.185655593872070312e-02
1.181156635284423828e-01 1.201629638671875000e-02
1.881351470947265625e-01 1.721620559692382812e-02
1.184082031250000000e-01 1.197957992553710938e-02
1.173260211944580078e-01 1.193690299987792969e-02
1.167190074920654297e-01 1.183724403381347656e-02
1.173722743988037109e-01 1.195144653320312500e-02
1.176104545593261719e-01 1.194667816162109375e-02
1.549737453460693359e-01 1.328444480895996094e-02
1.143424510955810547e-01 1.198434829711914062e-02
1.178967952728271484e-01 1.194524765014648438e-02
1.174941062927246094e-01 1.193666458129882812e-02
1.168673038482666016e-01 1.185464859008789062e-02
1.181571483612060547e-01 1.283097267150878906e-02
1.182177066802978516e-01 1.240205764770507812e-02
1.178088188171386719e-01 1.198625564575195312e-02
1.177618503570556641e-01 1.191544532775878906e-02
1.182732582092285156e-01 1.203727722167968750e-02
1.170067787170410156e-01 1.186847686767578125e-02
1.176981925964355469e-01 1.196026802062988281e-02
1.164464950561523438e-01 1.186656951904296875e-02
1.178116798400878906e-01 1.193666458129882812e-02
1.174180507659912109e-01 1.190066337585449219e-02
1.174972057342529297e-01 1.191496849060058594e-02
1.167039871215820312e-01 1.223683357238769531e-02
1.178064346313476562e-01 1.191735267639160156e-02
1.169302463531494141e-01 1.184153556823730469e-02
1.165530681610107422e-01 1.185297966003417969e-02
1.163439750671386719e-01 1.181769371032714844e-02
1.164095401763916016e-01 1.185894012451171875e-02
1.164672374725341797e-01 1.182746887207031250e-02
1.228933334350585938e-01 1.245617866516113281e-02
1.205971240997314453e-01 1.207280158996582031e-02
