1.457433700561523438e-01 1.336765289306640625e-02
1.424353122711181641e-01 1.264333724975585938e-02
1.404809951782226562e-01 1.275300979614257812e-02
1.403250694274902344e-01 1.286363601684570312e-02
1.405649185180664062e-01 1.320838928222656250e-02
1.407823562622070312e-01 1.283383369445800781e-02
1.413877010345458984e-01 1.276183128356933594e-02
1.403970718383789062e-01 1.287865638732910156e-02
1.398043632507324219e-01 1.269912719726562500e-02
1.396319866180419922e-01 1.277923583984375000e-02
1.395630836486816406e-01 1.269173622131347656e-02
1.396915912628173828e-01 1.281261444091796875e-02
1.398689746856689453e-01 1.274251937866210938e-02
1.395244598388671875e-01 1.391887664794921875e-02
1.453523635864257812e-01 1.323008537292480469e-02
1.412878036499023438e-01 1.280093193054199219e-02
1.388111114501953125e-01 1.275062561035156250e-02
1.378188133239746094e-01 1.259899139404296875e-02
1.392941474914550781e-01 1.276636123657226562e-02
1.379878520965576172e-01 1.254487037658691406e-02
1.376469135284423828e-01 1.265740394592285156e-02
1.389455795288085938e-01 1.275777816772460938e-02
1.378757953643798828e-01 1.255965232849121094e-02
1.378514766693115234e-01 1.263737678527832031e-02
1.380238533020019531e-01 1.266694068908691406e-02
1.384224891662597656e-01 1.255822181701660156e-02
1.381938457489013672e-01 1.262235641479492188e-02
1.381258964538574219e-01 1.263618469238281250e-02
1.406195163726806641e-01 1.301121711730957031e-02
1.393573284149169922e-01 1.283502578735351562e-02
1.352481842041015625e-01 1.240444183349609375e-02
