6.666731834411621094e-02 1.471495628356933594e-02
6.360602378845214844e-02 4.887008666992187500e-02
6.226181983947753906e-02 1.017022132873535156e-02
6.120276451110839844e-02 1.004743576049804688e-02
6.225657463073730469e-02 1.029896736145019531e-02
6.254720687866210938e-02 1.025366783142089844e-02
6.216120719909667969e-02 1.017832756042480469e-02
6.237483024597167969e-02 1.016068458557128906e-02
6.252908706665039062e-02 1.021838188171386719e-02
6.219339370727539062e-02 1.015305519104003906e-02
6.232833862304687500e-02 1.020431518554687500e-02
6.227731704711914062e-02 1.014614105224609375e-02
6.268620491027832031e-02 1.032304763793945312e-02
6.229519844055175781e-02 1.013350486755371094e-02
6.149721145629882812e-02 1.005959510803222656e-02
6.295204162597656250e-02 1.128196716308593750e-02
6.337928771972656250e-02 1.055741310119628906e-02
6.207466125488281250e-02 1.036334037780761719e-02
6.210231781005859375e-02 1.009750366210937500e-02
6.035304069519042969e-02 1.002025604248046875e-02
6.247496604919433594e-02 1.024770736694335938e-02
6.087779998779296875e-02 1.007509231567382812e-02
6.125092506408691406e-02 1.011919975280761719e-02
6.224250793457031250e-02 1.018667221069335938e-02
6.106400489807128906e-02 1.004314422607421875e-02
6.124258041381835938e-02 1.013994216918945312e-02
6.244897842407226562e-02 1.015663146972656250e-02
6.104850769042968750e-02 1.013636589050292969e-02
6.142711639404296875e-02 1.023769378662109375e-02
6.189441680908203125e-02 1.010608673095703125e-02
6.133651733398437500e-02 1.019811630249023438e-02
6.039857864379882812e-02 9.952068328857421875e-03
6.069970130920410156e-02 1.005053520202636719e-02
6.015038490295410156e-02 1.002478599548339844e-02
6.015276908874511719e-02 1.000308990478515625e-02
6.022000312805175781e-02 9.999275207519531250e-03
6.055808067321777344e-02 1.003026962280273438e-02
6.149291992187500000e-02 1.013231277465820312e-02
6.015300750732421875e-02 9.974956512451171875e-03
6.144380569458007812e-02 1.021218299865722656e-02
6.029677391052246094e-02 1.006031036376953125e-02
6.025004386901855469e-02 1.002001762390136719e-02
6.053352355957031250e-02 9.979009628295898438e-03
6.027102470397949219e-02 9.985208511352539062e-03
6.010437011718750000e-02 1.003122329711914062e-02
6.144213676452636719e-02 1.006722450256347656e-02
6.197452545166015625e-02 1.106882095336914062e-02
6.465530395507812500e-02 1.065206527709960938e-02
6.297278404235839844e-02 1.028990745544433594e-02
6.210684776306152344e-02 1.021742820739746094e-02
6.126213073730468750e-02 1.011562347412109375e-02
6.130146980285644531e-02 1.010560989379882812e-02
6.207013130187988281e-02 1.026678085327148438e-02
6.140518188476562500e-02 1.008367538452148438e-02
6.130623817443847656e-02 1.006460189819335938e-02
6.122493743896484375e-02 1.012992858886718750e-02
6.122517585754394531e-02 1.005291938781738281e-02
5.957221984863281250e-02 9.989738464355468750e-03
6.237459182739257812e-02 1.024413108825683594e-02
6.111454963684082031e-02 1.019692420959472656e-02
6.153106689453125000e-02 1.012277603149414062e-02
6.135630607604980469e-02 1.006555557250976562e-02
6.109118461608886719e-02 1.007723808288574219e-02
6.129336357116699219e-02 1.010107994079589844e-02
6.216740608215332031e-02 1.020956039428710938e-02
6.111812591552734375e-02 1.011681556701660156e-02
6.110405921936035156e-02 1.012849807739257812e-02
6.123828887939453125e-02 1.008272171020507812e-02
6.257581710815429688e-02 1.013922691345214844e-02
6.097745895385742188e-02 1.003241539001464844e-02
6.129598617553710938e-02 1.008296012878417969e-02
6.106400489807128906e-02 1.014637947082519531e-02
6.115508079528808594e-02 1.012063026428222656e-02
6.114459037780761719e-02 1.009845733642578125e-02
6.149482727050781250e-02 1.005148887634277344e-02
6.098604202270507812e-02 1.005148887634277344e-02
6.117486953735351562e-02 1.005911827087402344e-02
6.194233894348144531e-02 1.123809814453125000e-02
