1.472220420837402344e-01 1.359629631042480469e-02
1.443636417388916016e-01 1.281809806823730469e-02
1.439354419708251953e-01 1.290631294250488281e-02
1.436617374420166016e-01 1.264595985412597656e-02
1.425445079803466797e-01 1.278448104858398438e-02
1.425242424011230469e-01 1.288199424743652344e-02
1.516258716583251953e-01 1.307177543640136719e-02
1.517515182495117188e-01 1.294970512390136719e-02
1.516530513763427734e-01 1.298570632934570312e-02
1.513452529907226562e-01 1.300454139709472656e-02
1.530220508575439453e-01 1.320338249206542969e-02
1.516196727752685547e-01 1.309370994567871094e-02
1.520349979400634766e-01 1.301813125610351562e-02
1.572380065917968750e-01 1.359629631042480469e-02
1.533985137939453125e-01 1.302742958068847656e-02
1.517167091369628906e-01 1.296496391296386719e-02
1.518640518188476562e-01 1.297044754028320312e-02
1.520147323608398438e-01 1.311492919921875000e-02
1.519331932067871094e-01 1.305341720581054688e-02
1.524672508239746094e-01 1.293253898620605469e-02
