8.141779899597167969e-02 1.111435890197753906e-02
8.535885810852050781e-02 1.099157333374023438e-02
7.751870155334472656e-02 1.059675216674804688e-02
7.658004760742187500e-02 1.066446304321289062e-02
7.789230346679687500e-02 1.060390472412109375e-02
8.066153526306152344e-02 1.081085205078125000e-02
7.914376258850097656e-02 1.122021675109863281e-02
7.692766189575195312e-02 1.071929931640625000e-02
7.633829116821289062e-02 1.082229614257812500e-02
7.660460472106933594e-02 1.060771942138671875e-02
7.759881019592285156e-02 1.073360443115234375e-02
7.653784751892089844e-02 1.055216789245605469e-02
7.620644569396972656e-02 1.058220863342285156e-02
7.652521133422851562e-02 1.049661636352539062e-02
7.627701759338378906e-02 1.043319702148437500e-02
7.643342018127441406e-02 1.056432723999023438e-02
7.636070251464843750e-02 1.071143150329589844e-02
7.646298408508300781e-02 1.069068908691406250e-02
7.623100280761718750e-02 1.068258285522460938e-02
7.646489143371582031e-02 1.074719429016113281e-02
