7.394790649414062500e-02 1.092386245727539062e-02
7.357740402221679688e-02 1.092362403869628906e-02
7.149434089660644531e-02 1.043701171875000000e-02
7.169222831726074219e-02 1.057982444763183594e-02
8.771705627441406250e-02 1.060390472412109375e-02
7.216620445251464844e-02 1.088762283325195312e-02
7.187199592590332031e-02 5.187869071960449219e-02
7.200789451599121094e-02 1.052689552307128906e-02
7.163786888122558594e-02 1.046490669250488281e-02
7.175397872924804688e-02 1.069235801696777344e-02
7.186388969421386719e-02 1.073026657104492188e-02
7.210969924926757812e-02 1.067614555358886719e-02
9.058260917663574219e-02 1.068067550659179688e-02
9.063482284545898438e-02 1.053738594055175781e-02
7.196378707885742188e-02 1.051521301269531250e-02
7.081079483032226562e-02 1.033163070678710938e-02
7.212686538696289062e-02 1.051425933837890625e-02
7.072067260742187500e-02 1.040077209472656250e-02
7.048201560974121094e-02 1.041507720947265625e-02
7.048535346984863281e-02 1.071619987487792969e-02
7.042980194091796875e-02 1.055932044982910156e-02
7.082128524780273438e-02 1.078462600708007812e-02
7.270622253417968750e-02 1.069116592407226562e-02
7.246899604797363281e-02 1.095414161682128906e-02
7.738351821899414062e-02 1.108121871948242188e-02
7.431411743164062500e-02 1.103949546813964844e-02
7.263755798339843750e-02 1.046442985534667969e-02
7.251000404357910156e-02 1.056003570556640625e-02
7.156300544738769531e-02 1.038670539855957031e-02
7.289338111877441406e-02 1.049113273620605469e-02
7.126402854919433594e-02 1.049995422363281250e-02
7.231664657592773438e-02 1.045107841491699219e-02
7.094883918762207031e-02 1.057291030883789062e-02
7.201147079467773438e-02 1.058793067932128906e-02
7.228994369506835938e-02 1.077222824096679688e-02
7.220673561096191406e-02 1.063942909240722656e-02
7.125687599182128906e-02 1.040959358215332031e-02
7.131981849670410156e-02 1.033663749694824219e-02
7.099986076354980469e-02 1.048016548156738281e-02
7.146477699279785156e-02 1.034212112426757812e-02
7.165431976318359375e-02 1.040029525756835938e-02
7.082653045654296875e-02 1.033043861389160156e-02
7.137227058410644531e-02 1.037311553955078125e-02
7.111668586730957031e-02 1.060056686401367188e-02
7.108736038208007812e-02 1.057195663452148438e-02
