8.075714111328125000e-02 1.102375984191894531e-02
8.068490028381347656e-02 1.111125946044921875e-02
1.457386016845703125e-01 1.051163673400878906e-02
9.680485725402832031e-02 1.081180572509765625e-02
7.785272598266601562e-02 1.069235801696777344e-02
7.789087295532226562e-02 1.067090034484863281e-02
7.781147956848144531e-02 1.066350936889648438e-02
9.463548660278320312e-02 1.062417030334472656e-02
7.778716087341308594e-02 1.078343391418457031e-02
7.813739776611328125e-02 1.060032844543457031e-02
7.784938812255859375e-02 1.083421707153320312e-02
7.838511466979980469e-02 1.090168952941894531e-02
7.827854156494140625e-02 1.082682609558105469e-02
7.681512832641601562e-02 1.067376136779785156e-02
7.685923576354980469e-02 1.053237915039062500e-02
7.682728767395019531e-02 1.050567626953125000e-02
7.787013053894042969e-02 1.061153411865234375e-02
7.691550254821777344e-02 1.047205924987792969e-02
9.372496604919433594e-02 1.044321060180664062e-02
7.809019088745117188e-02 1.078557968139648438e-02
7.913279533386230469e-02 1.174616813659667969e-02
8.036971092224121094e-02 1.133179664611816406e-02
7.857346534729003906e-02 1.071166992187500000e-02
7.681989669799804688e-02 1.066303253173828125e-02
7.768940925598144531e-02 1.066207885742187500e-02
7.802605628967285156e-02 1.063990592956542969e-02
7.685589790344238281e-02 1.052737236022949219e-02
7.659935951232910156e-02 1.046681404113769531e-02
7.659626007080078125e-02 1.073694229125976562e-02
7.655787467956542969e-02 1.064467430114746094e-02
7.668757438659667969e-02 1.091241836547851562e-02
7.767462730407714844e-02 1.098299026489257812e-02
7.677674293518066406e-02 1.063609123229980469e-02
7.769060134887695312e-02 1.063489913940429688e-02
7.661414146423339844e-02 1.046633720397949219e-02
7.674574851989746094e-02 1.047730445861816406e-02
7.673192024230957031e-02 1.049208641052246094e-02
7.670736312866210938e-02 1.070690155029296875e-02
7.657980918884277344e-02 1.063418388366699219e-02
7.662153244018554688e-02 1.071858406066894531e-02
7.676863670349121094e-02 1.067161560058593750e-02
7.652854919433593750e-02 1.060843467712402344e-02
7.682251930236816406e-02 1.063323020935058594e-02
