2.046918869018554688e-02 2.806186676025390625e-03
2.015566825866699219e-02 2.724647521972656250e-03
2.055859565734863281e-02 2.811670303344726562e-03
2.070999145507812500e-02 2.816677093505859375e-03
2.011108398437500000e-02 2.719879150390625000e-03
2.060031890869140625e-02 2.870798110961914062e-03
2.001762390136718750e-02 2.782821655273437500e-03
2.071547508239746094e-02 2.821922302246093750e-03
1.982903480529785156e-02 2.744674682617187500e-03
2.041339874267578125e-02 2.823591232299804688e-03
2.075862884521484375e-02 2.821207046508789062e-03
1.992106437683105469e-02 2.710103988647460938e-03
1.998043060302734375e-02 2.732992172241210938e-03
2.014851570129394531e-02 2.699851989746093750e-03
2.065348625183105469e-02 2.818822860717773438e-03
1.984071731567382812e-02 2.707719802856445312e-03
2.083396911621093750e-02 2.814292907714843750e-03
2.043914794921875000e-02 2.827167510986328125e-03
2.023339271545410156e-02 2.752542495727539062e-03
2.047061920166015625e-02 2.815723419189453125e-03
2.020001411437988281e-02 2.695322036743164062e-03
2.001690864562988281e-02 2.723693847656250000e-03
2.000975608825683594e-02 2.713203430175781250e-03
1.996922492980957031e-02 2.715349197387695312e-03
1.999425888061523438e-02 2.697944641113281250e-03
2.013230323791503906e-02 3.092765808105468750e-03
2.188324928283691406e-02 3.094911575317382812e-03
2.136278152465820312e-02 2.807855606079101562e-03
2.073550224304199219e-02 2.843856811523437500e-03
