1.417088508605957031e-02 2.553701400756835938e-03
1.455688476562500000e-02 2.594709396362304688e-03
1.447725296020507812e-02 2.643108367919921875e-03
1.372385025024414062e-02 2.554178237915039062e-03
1.446270942687988281e-02 2.637863159179687500e-03
1.379132270812988281e-02 2.555608749389648438e-03
1.393699645996093750e-02 2.513408660888671875e-03
7.042002677917480469e-02 8.445739746093750000e-03
2.273988723754882812e-02 3.235340118408203125e-03
1.588821411132812500e-02 2.964735031127929688e-03
1.591300964355468750e-02 2.959489822387695312e-03
1.585197448730468750e-02 2.966403961181640625e-03
1.589822769165039062e-02 2.967596054077148438e-03
1.530361175537109375e-02 2.876281738281250000e-03
1.589679718017578125e-02 2.959728240966796875e-03
1.582622528076171875e-02 2.956390380859375000e-03
1.585912704467773438e-02 2.953290939331054688e-03
1.591873168945312500e-02 2.938985824584960938e-03
1.535654067993164062e-02 2.868890762329101562e-03
1.591253280639648438e-02 2.963542938232421875e-03
1.588249206542968750e-02 2.958059310913085938e-03
4.404902458190917969e-02 5.775213241577148438e-03
2.127957344055175781e-02 3.545761108398437500e-03
1.744627952575683594e-02 3.244400024414062500e-03
1.588916778564453125e-02 2.950429916381835938e-03
1.592183113098144531e-02 2.996206283569335938e-03
1.533436775207519531e-02 2.854585647583007812e-03
1.427555084228515625e-02 2.502679824829101562e-03
1.438379287719726562e-02 2.600669860839843750e-03
1.379728317260742188e-02 2.537488937377929688e-03
7.493042945861816406e-02 9.314537048339843750e-03
2.455139160156250000e-02 3.256082534790039062e-03
1.511335372924804688e-02 2.749443054199218750e-03
1.363515853881835938e-02 2.518653869628906250e-03
1.436853408813476562e-02 2.608776092529296875e-03
1.393723487854003906e-02 2.556085586547851562e-03
1.429080963134765625e-02 2.646923065185546875e-03
1.355290412902832031e-02 2.503871917724609375e-03
1.368427276611328125e-02 2.491950988769531250e-03
1.362895965576171875e-02 2.514362335205078125e-03
1.351785659790039062e-02 2.514123916625976562e-03
1.355409622192382812e-02 2.510309219360351562e-03
3.287935256958007812e-02 5.181312561035156250e-03
2.173423767089843750e-02 4.034519195556640625e-03
1.676917076110839844e-02 2.637863159179687500e-03
1.391577720642089844e-02 2.501010894775390625e-03
1.368212699890136719e-02 2.502441406250000000e-03
1.345705986022949219e-02 2.505064010620117188e-03
1.352524757385253906e-02 2.505779266357421875e-03
1.399827003479003906e-02 2.503871917724609375e-03
1.393151283264160156e-02 2.537250518798828125e-03
1.374125480651855469e-02 2.495288848876953125e-03
1.359152793884277344e-02 2.498626708984375000e-03
1.362395286560058594e-02 2.498149871826171875e-03
1.379060745239257812e-02 2.502679824829101562e-03
1.385092735290527344e-02 2.493619918823242188e-03
1.367282867431640625e-02 2.644777297973632812e-03
1.570177078247070312e-02 2.731084823608398438e-03
1.502370834350585938e-02 2.697944641113281250e-03
1.450228691101074219e-02 2.647161483764648438e-03
