1.654481887817382812e-02 2.681016921997070312e-03
1.701045036315917969e-02 2.741575241088867188e-03
4.926371574401855469e-02 5.489349365234375000e-03
2.537012100219726562e-02 4.171848297119140625e-03
2.251029014587402344e-02 3.738403320312500000e-03
2.031946182250976562e-02 3.293275833129882812e-03
1.832652091979980469e-02 3.090381622314453125e-03
1.763415336608886719e-02 2.821445465087890625e-03
1.684045791625976562e-02 2.821207046508789062e-03
1.710987091064453125e-02 2.789735794067382812e-03
1.665139198303222656e-02 2.696752548217773438e-03
1.725649833679199219e-02 2.795457839965820312e-03
1.717066764831542969e-02 2.808332443237304688e-03
1.719498634338378906e-02 2.780675888061523438e-03
1.716303825378417969e-02 2.787113189697265625e-03
4.358816146850585938e-02 4.512310028076171875e-03
2.254414558410644531e-02 3.567695617675781250e-03
4.002785682678222656e-02 4.757881164550781250e-03
2.111554145812988281e-02 3.371477127075195312e-03
2.049446105957031250e-02 3.345012664794921875e-03
1.855921745300292969e-02 3.046989440917968750e-03
1.748561859130859375e-02 2.851963043212890625e-03
1.744437217712402344e-02 2.839326858520507812e-03
1.741504669189453125e-02 2.823829650878906250e-03
1.742911338806152344e-02 2.820491790771484375e-03
4.489326477050781250e-02 4.995346069335937500e-03
2.152395248413085938e-02 3.266572952270507812e-03
1.697945594787597656e-02 2.616167068481445312e-03
1.686215400695800781e-02 2.683401107788085938e-03
1.693487167358398438e-02 2.732753753662109375e-03
1.695299148559570312e-02 2.742528915405273438e-03
1.635408401489257812e-02 2.598524093627929688e-03
1.695942878723144531e-02 2.697229385375976562e-03
1.717042922973632812e-02 2.742767333984375000e-03
1.621603965759277344e-02 2.637386322021484375e-03
1.702046394348144531e-02 2.691268920898437500e-03
1.692652702331542969e-02 2.736806869506835938e-03
1.640415191650390625e-02 2.602577209472656250e-03
1.636219024658203125e-02 2.578973770141601562e-03
1.618409156799316406e-02 2.541065216064453125e-03
1.606345176696777344e-02 2.513408660888671875e-03
1.612019538879394531e-02 2.513170242309570312e-03
1.605343818664550781e-02 2.532243728637695312e-03
1.614546775817871094e-02 2.531766891479492188e-03
1.601505279541015625e-02 2.497196197509765625e-03
1.611375808715820312e-02 2.509593963623046875e-03
1.616096496582031250e-02 2.522945404052734375e-03
