1.333498954772949219e-02 2.540111541748046875e-03
1.390743255615234375e-02 2.572059631347656250e-03
1.425409317016601562e-02 2.646684646606445312e-03
1.460313796997070312e-02 2.716302871704101562e-03
1.476597785949707031e-02 2.728223800659179688e-03
1.417183876037597656e-02 2.643108367919921875e-03
1.424646377563476562e-02 2.629518508911132812e-03
1.377010345458984375e-02 2.511501312255859375e-03
1.448845863342285156e-02 2.589941024780273438e-03
1.456570625305175781e-02 2.582073211669921875e-03
1.392126083374023438e-02 2.496480941772460938e-03
1.381015777587890625e-02 2.497911453247070312e-03
1.371455192565917969e-02 2.537012100219726562e-03
1.381230354309082031e-02 2.494335174560546875e-03
1.360011100769042969e-02 2.500295639038085938e-03
1.369667053222656250e-02 2.533197402954101562e-03
1.346826553344726562e-02 2.497434616088867188e-03
1.364779472351074219e-02 2.491712570190429688e-03
1.387214660644531250e-02 2.552270889282226562e-03
