1.560707092285156250e-01 1.343917846679687500e-02
1.508786678314208984e-01 1.279759407043457031e-02
1.498994827270507812e-01 1.295542716979980469e-02
1.500179767608642578e-01 1.294183731079101562e-02
1.499087810516357422e-01 1.271700859069824219e-02
1.515760421752929688e-01 1.295518875122070312e-02
1.497735977172851562e-01 1.278138160705566406e-02
1.497507095336914062e-01 1.288557052612304688e-02
1.513874530792236328e-01 1.321172714233398438e-02
1.706423759460449219e-01 1.285457611083984375e-02
1.500105857849121094e-01 1.287794113159179688e-02
1.570217609405517578e-01 1.322531700134277344e-02
1.505959033966064453e-01 1.286339759826660156e-02
1.499767303466796875e-01 1.279115676879882812e-02
1.499378681182861328e-01 1.307201385498046875e-02
1.507253646850585938e-01 1.291990280151367188e-02
1.495218276977539062e-01 1.282453536987304688e-02
1.496167182922363281e-01 1.287245750427246094e-02
1.498839855194091797e-01 1.284265518188476562e-02
