1.572990417480468750e-01 1.364803314208984375e-02
1.526341438293457031e-01 1.291084289550781250e-02
1.512451171875000000e-01 1.299071311950683594e-02
1.507387161254882812e-01 1.302576065063476562e-02
1.509408950805664062e-01 1.297163963317871094e-02
1.548974514007568359e-01 1.332783699035644531e-02
1.539235115051269531e-01 1.344394683837890625e-02
1.494066715240478516e-01 1.288175582885742188e-02
1.669392585754394531e-01 1.342940330505371094e-02
1.491382122039794922e-01 1.293492317199707031e-02
1.489279270172119141e-01 1.292824745178222656e-02
1.501462459564208984e-01 1.313352584838867188e-02
1.491918563842773438e-01 1.311445236206054688e-02
1.506209373474121094e-01 1.312065124511718750e-02
1.495125293731689453e-01 1.290941238403320312e-02
1.488897800445556641e-01 1.297712326049804688e-02
1.492636203765869141e-01 1.310777664184570312e-02
1.660220623016357422e-01 1.299643516540527344e-02
1.493484973907470703e-01 1.337337493896484375e-02
1.560332775115966797e-01 1.334357261657714844e-02
1.522641181945800781e-01 1.315546035766601562e-02
1.503202915191650391e-01 1.312875747680664062e-02
1.514925956726074219e-01 1.306557655334472656e-02
1.503210067749023438e-01 1.302766799926757812e-02
1.500117778778076172e-01 1.312494277954101562e-02
1.519451141357421875e-01 1.319146156311035156e-02
1.518406867980957031e-01 1.311039924621582031e-02
1.516754627227783203e-01 1.312184333801269531e-02
1.506118774414062500e-01 1.303219795227050781e-02
1.708853244781494141e-01 1.326632499694824219e-02
1.499633789062500000e-01 1.297450065612792969e-02
1.496827602386474609e-01 1.294803619384765625e-02
1.554090976715087891e-01 1.369786262512207031e-02
1.526689529418945312e-01 1.299810409545898438e-02
1.494398117065429688e-01 1.292347908020019531e-02
1.512422561645507812e-01 1.305174827575683594e-02
1.510820388793945312e-01 1.298689842224121094e-02
1.501343250274658203e-01 1.287198066711425781e-02
1.499197483062744141e-01 1.301908493041992188e-02
1.493923664093017578e-01 1.308488845825195312e-02
1.496398448944091797e-01 1.307702064514160156e-02
1.497983932495117188e-01 1.292276382446289062e-02
1.497247219085693359e-01 1.291036605834960938e-02
1.496510505676269531e-01 1.302409172058105469e-02
1.500787734985351562e-01 1.301836967468261719e-02
1.497881412506103516e-01 1.302528381347656250e-02
