1.687979698181152344e-01 1.328372955322265625e-02
1.530826091766357422e-01 1.316690444946289062e-02
1.531157493591308594e-01 1.309967041015625000e-02
1.529951095581054688e-01 1.303172111511230469e-02
1.521573066711425781e-01 1.302313804626464844e-02
1.518733501434326172e-01 1.293611526489257812e-02
1.519989967346191406e-01 1.307487487792968750e-02
1.519496440887451172e-01 1.317167282104492188e-02
1.524927616119384766e-01 1.301884651184082031e-02
1.530733108520507812e-01 1.420855522155761719e-02
1.574420928955078125e-01 1.324510574340820312e-02
1.522789001464843750e-01 1.305365562438964844e-02
1.521522998809814453e-01 1.311087608337402344e-02
