2.894878387451171875e-02 2.999067306518554688e-03
1.967215538024902344e-02 2.907276153564453125e-03
1.913595199584960938e-02 2.896785736083984375e-03
1.880908012390136719e-02 2.790451049804687500e-03
1.891589164733886719e-02 2.794265747070312500e-03
1.876115798950195312e-02 2.807378768920898438e-03
1.875352859497070312e-02 2.728700637817382812e-03
1.857686042785644531e-02 2.754926681518554688e-03
1.866865158081054688e-02 2.751350402832031250e-03
1.860070228576660156e-02 2.722740173339843750e-03
1.870512962341308594e-02 2.718687057495117188e-03
1.843357086181640625e-02 2.667665481567382812e-03
