6.663370132446289062e-02 1.423621177673339844e-02
6.553792953491210938e-02 5.396676063537597656e-02
6.095957756042480469e-02 1.035714149475097656e-02
6.079292297363281250e-02 1.010584831237792969e-02
6.139254570007324219e-02 1.004552841186523438e-02
6.089615821838378906e-02 1.004767417907714844e-02
6.109666824340820312e-02 1.019072532653808594e-02
6.068730354309082031e-02 1.013660430908203125e-02
5.976605415344238281e-02 9.955883026123046875e-03
6.086945533752441406e-02 1.001000404357910156e-02
5.987954139709472656e-02 1.011300086975097656e-02
8.075523376464843750e-02 1.025128364562988281e-02
5.989861488342285156e-02 9.956598281860351562e-03
6.103944778442382812e-02 1.012468338012695312e-02
5.974960327148437500e-02 9.900331497192382812e-03
6.090426445007324219e-02 1.001381874084472656e-02
6.131839752197265625e-02 1.098775863647460938e-02
6.256723403930664062e-02 1.054167747497558594e-02
6.161403656005859375e-02 1.034259796142578125e-02
6.039881706237792969e-02 1.013875007629394531e-02
6.017470359802246094e-02 1.010417938232421875e-02
5.984997749328613281e-02 1.001095771789550781e-02
5.958628654479980469e-02 9.960651397705078125e-03
5.977511405944824219e-02 9.910583496093750000e-03
5.967307090759277344e-02 9.915590286254882812e-03
5.972003936767578125e-02 1.001954078674316406e-02
5.966544151306152344e-02 9.920835494995117188e-03
