6.651473045349121094e-02 1.426124572753906250e-02
6.580376625061035156e-02 1.413130760192871094e-02
6.186032295227050781e-02 9.868860244750976562e-03
8.098053932189941406e-02 1.004862785339355469e-02
6.148052215576171875e-02 1.019239425659179688e-02
6.130146980285644531e-02 1.040267944335937500e-02
6.159043312072753906e-02 1.023006439208984375e-02
6.151747703552246094e-02 1.016831398010253906e-02
6.113862991333007812e-02 1.019883155822753906e-02
6.263113021850585938e-02 5.069923400878906250e-02
6.105351448059082031e-02 1.000499725341796875e-02
6.010699272155761719e-02 9.896755218505859375e-03
6.015992164611816406e-02 9.915351867675781250e-03
6.499981880187988281e-02 1.069545745849609375e-02
6.289291381835937500e-02 1.054549217224121094e-02
6.089735031127929688e-02 1.013016700744628906e-02
6.053566932678222656e-02 1.011228561401367188e-02
6.047749519348144531e-02 1.019930839538574219e-02
6.057286262512207031e-02 1.003098487854003906e-02
6.082201004028320312e-02 9.911060333251953125e-03
6.066632270812988281e-02 9.971141815185546875e-03
6.050419807434082031e-02 9.905338287353515625e-03
6.066775321960449219e-02 1.017761230468750000e-02
