2.810406684875488281e-02 3.089666366577148438e-03
2.782917022705078125e-02 3.031253814697265625e-03
2.865529060363769531e-02 3.124713897705078125e-03
1.424057483673095703e-01 1.098704338073730469e-02
4.186654090881347656e-02 4.014730453491210938e-03
6.235027313232421875e-02 5.879640579223632812e-03
4.142332077026367188e-02 4.523515701293945312e-03
3.691053390502929688e-02 4.040718078613281250e-03
3.697419166564941406e-02 4.020452499389648438e-03
3.652977943420410156e-02 3.945112228393554688e-03
3.326964378356933594e-02 3.640174865722656250e-03
2.805352210998535156e-02 3.040075302124023438e-03
2.832198143005371094e-02 3.069162368774414062e-03
2.781391143798828125e-02 2.994060516357421875e-03
2.714896202087402344e-02 2.825260162353515625e-03
2.682828903198242188e-02 2.830982208251953125e-03
2.618098258972167969e-02 2.858161926269531250e-03
2.954864501953125000e-02 3.123044967651367188e-03
2.786135673522949219e-02 2.948999404907226562e-03
2.772498130798339844e-02 3.019332885742187500e-03
1.551649570465087891e-01 1.338577270507812500e-02
5.067753791809082031e-02 4.496335983276367188e-03
3.690624237060546875e-02 4.038095474243164062e-03
3.329157829284667969e-02 3.647565841674804688e-03
3.328299522399902344e-02 3.645181655883789062e-03
3.325748443603515625e-02 3.635644912719726562e-03
2.985548973083496094e-02 3.234624862670898438e-03
2.721548080444335938e-02 2.832889556884765625e-03
2.660608291625976562e-02 2.831697463989257812e-03
2.650451660156250000e-02 2.836704254150390625e-03
2.667069435119628906e-02 2.829313278198242188e-03
2.639579772949218750e-02 2.828359603881835938e-03
2.678203582763671875e-02 2.841234207153320312e-03
2.615690231323242188e-02 2.835035324096679688e-03
2.658939361572265625e-02 2.825736999511718750e-03
2.630949020385742188e-02 2.829074859619140625e-03
2.657461166381835938e-02 2.841711044311523438e-03
2.688145637512207031e-02 2.843379974365234375e-03
2.627921104431152344e-02 2.864837646484375000e-03
2.617216110229492188e-02 2.882957458496093750e-03
2.651882171630859375e-02 2.839803695678710938e-03
2.644753456115722656e-02 2.835035324096679688e-03
