1.366281509399414062e-02 2.596139907836914062e-03
1.344108581542968750e-02 2.493381500244140625e-03
1.416397094726562500e-02 2.623558044433593750e-03
1.407384872436523438e-02 2.601861953735351562e-03
1.389122009277343750e-02 2.630949020385742188e-03
1.344966888427734375e-02 2.549886703491210938e-03
1.372385025024414062e-02 2.637863159179687500e-03
1.336932182312011719e-02 2.526521682739257812e-03
1.392412185668945312e-02 2.616643905639648438e-03
1.382088661193847656e-02 2.612352371215820312e-03
1.341271400451660156e-02 2.523899078369140625e-03
1.342439651489257812e-02 2.581119537353515625e-03
1.335597038269042969e-02 2.543210983276367188e-03
1.364278793334960938e-02 2.611875534057617188e-03
4.877662658691406250e-02 6.955862045288085938e-03
2.106285095214843750e-02 3.158330917358398438e-03
1.542186737060546875e-02 2.950668334960937500e-03
1.453375816345214844e-02 2.853870391845703125e-03
1.523542404174804688e-02 2.963781356811523438e-03
1.468896865844726562e-02 2.839326858520507812e-03
1.470732688903808594e-02 2.836227416992187500e-03
1.478195190429687500e-02 2.834558486938476562e-03
1.530194282531738281e-02 2.932071685791015625e-03
1.485061645507812500e-02 2.838611602783203125e-03
1.479744911193847656e-02 2.835988998413085938e-03
1.480078697204589844e-02 2.846002578735351562e-03
1.475381851196289062e-02 2.841234207153320312e-03
1.466560363769531250e-02 2.838373184204101562e-03
1.536130905151367188e-02 2.943992614746093750e-03
1.486158370971679688e-02 2.838373184204101562e-03
1.486468315124511719e-02 2.835035324096679688e-03
1.477646827697753906e-02 2.838611602783203125e-03
1.485323905944824219e-02 2.839565277099609375e-03
1.481294631958007812e-02 2.840042114257812500e-03
1.524615287780761719e-02 2.936601638793945312e-03
1.475429534912109375e-02 2.844333648681640625e-03
1.452565193176269531e-02 2.850770950317382812e-03
1.524925231933593750e-02 2.936840057373046875e-03
1.481103897094726562e-02 2.850294113159179688e-03
1.483774185180664062e-02 2.857446670532226562e-03
1.468634605407714844e-02 2.867698669433593750e-03
1.492595672607421875e-02 2.880573272705078125e-03
1.479339599609375000e-02 2.666950225830078125e-03
1.418924331665039062e-02 2.569913864135742188e-03
1.397776603698730469e-02 2.595901489257812500e-03
1.416397094726562500e-02 2.666950225830078125e-03
1.384806632995605469e-02 2.666950225830078125e-03
1.346516609191894531e-02 2.571582794189453125e-03
1.382493972778320312e-02 2.643823623657226562e-03
1.384830474853515625e-02 2.652645111083984375e-03
4.841589927673339844e-02 6.925344467163085938e-03
2.122426033020019531e-02 3.418445587158203125e-03
1.683831214904785156e-02 3.174781799316406250e-03
1.533341407775878906e-02 2.933979034423828125e-03
1.437377929687500000e-02 2.692937850952148438e-03
1.343059539794921875e-02 2.598047256469726562e-03
1.425647735595703125e-02 2.682685852050781250e-03
1.386737823486328125e-02 2.624034881591796875e-03
1.401233673095703125e-02 2.682924270629882812e-03
1.425695419311523438e-02 2.709388732910156250e-03
1.436185836791992188e-02 2.684831619262695312e-03
1.404333114624023438e-02 2.704143524169921875e-03
5.772447586059570312e-02 9.082794189453125000e-03
2.312612533569335938e-02 3.587245941162109375e-03
1.530122756958007812e-02 2.496719360351562500e-03
1.308155059814453125e-02 2.460479736328125000e-03
1.382446289062500000e-02 2.547740936279296875e-03
1.387929916381835938e-02 2.607107162475585938e-03
1.307797431945800781e-02 2.446174621582031250e-03
1.311564445495605469e-02 2.448797225952148438e-03
1.396417617797851562e-02 2.598285675048828125e-03
1.320505142211914062e-02 2.496480941772460938e-03
1.361989974975585938e-02 2.604961395263671875e-03
1.433658599853515625e-02 2.681255340576171875e-03
1.378297805786132812e-02 2.589702606201171875e-03
1.353764533996582031e-02 2.496004104614257812e-03
1.349973678588867188e-02 2.451181411743164062e-03
1.385331153869628906e-02 2.560138702392578125e-03
1.335024833679199219e-02 2.444505691528320312e-03
1.336812973022460938e-02 2.460956573486328125e-03
1.336646080017089844e-02 2.445936203002929688e-03
1.384282112121582031e-02 2.600193023681640625e-03
1.344919204711914062e-02 2.496957778930664062e-03
1.328969001770019531e-02 2.473831176757812500e-03
1.378560066223144531e-02 2.583026885986328125e-03
1.346063613891601562e-02 2.455711364746093750e-03
1.342940330505371094e-02 2.446413040161132812e-03
1.352739334106445312e-02 2.450466156005859375e-03
1.386094093322753906e-02 2.577066421508789062e-03
1.321005821228027344e-02 2.454519271850585938e-03
1.333379745483398438e-02 2.511262893676757812e-03
1.336288452148437500e-02 2.474069595336914062e-03
1.341128349304199219e-02 2.462863922119140625e-03
1.312994956970214844e-02 2.466440200805664062e-03
1.303815841674804688e-02 2.473354339599609375e-03
1.330280303955078125e-02 2.464294433593750000e-03
1.341605186462402344e-02 2.523422241210937500e-03
1.336431503295898438e-02 2.497911453247070312e-03
