8.747482299804687500e-02 1.185488700866699219e-02
8.324217796325683594e-02 1.070713996887207031e-02
8.402943611145019531e-02 1.098060607910156250e-02
8.149170875549316406e-02 1.128530502319335938e-02
9.863328933715820312e-02 1.100325584411621094e-02
7.981777191162109375e-02 1.087832450866699219e-02
7.926583290100097656e-02 1.075959205627441406e-02
7.928538322448730469e-02 1.074624061584472656e-02
7.973957061767578125e-02 1.069521903991699219e-02
7.939577102661132812e-02 1.074218750000000000e-02
7.979488372802734375e-02 1.063799858093261719e-02
8.016800880432128906e-02 1.077938079833984375e-02
7.945585250854492188e-02 1.098489761352539062e-02
7.855272293090820312e-02 1.086521148681640625e-02
7.971382141113281250e-02 1.085495948791503906e-02
7.952737808227539062e-02 1.087355613708496094e-02
7.859444618225097656e-02 1.071524620056152344e-02
7.981729507446289062e-02 1.072430610656738281e-02
7.881689071655273438e-02 1.059985160827636719e-02
7.797765731811523438e-02 1.051807403564453125e-02
7.843351364135742188e-02 1.051306724548339844e-02
7.932281494140625000e-02 1.086878776550292969e-02
7.836532592773437500e-02 1.087713241577148438e-02
7.943582534790039062e-02 1.091456413269042969e-02
7.829165458679199219e-02 1.074075698852539062e-02
7.841801643371582031e-02 1.083850860595703125e-02
8.033394813537597656e-02 1.146793365478515625e-02
7.733273506164550781e-02 1.087403297424316406e-02
7.470369338989257812e-02 1.056694984436035156e-02
7.490158081054687500e-02 1.047229766845703125e-02
7.441663742065429688e-02 1.081967353820800781e-02
7.433056831359863281e-02 1.073980331420898438e-02
7.471704483032226562e-02 1.079821586608886719e-02
7.493996620178222656e-02 1.077938079833984375e-02
7.496690750122070312e-02 1.080799102783203125e-02
7.476711273193359375e-02 1.069855690002441406e-02
7.446479797363281250e-02 1.057910919189453125e-02
7.431578636169433594e-02 1.047873497009277344e-02
7.455229759216308594e-02 1.045966148376464844e-02
7.462239265441894531e-02 1.069140434265136719e-02
7.439565658569335938e-02 1.076745986938476562e-02
7.497262954711914062e-02 1.073503494262695312e-02
7.441878318786621094e-02 1.069831848144531250e-02
