1.396656036376953125e-02 2.604961395263671875e-03
1.442170143127441406e-02 2.667903900146484375e-03
1.464724540710449219e-02 2.667903900146484375e-03
8.042764663696289062e-02 1.232504844665527344e-02
2.206778526306152344e-02 2.740621566772460938e-03
1.464200019836425781e-02 2.777338027954101562e-03
1.426506042480468750e-02 2.670764923095703125e-03
1.415824890136718750e-02 2.639532089233398438e-03
1.396107673645019531e-02 2.595186233520507812e-03
1.383233070373535156e-02 2.610683441162109375e-03
1.468992233276367188e-02 2.704858779907226562e-03
1.437807083129882812e-02 2.681493759155273438e-03
5.690193176269531250e-02 7.342100143432617188e-03
2.193307876586914062e-02 3.406286239624023438e-03
3.778576850891113281e-02 4.914522171020507812e-03
2.154684066772460938e-02 3.849267959594726562e-03
1.933264732360839844e-02 3.577470779418945312e-03
1.919841766357421875e-02 3.588914871215820312e-03
1.926708221435546875e-02 3.605127334594726562e-03
1.919531822204589844e-02 3.622531890869140625e-03
1.687669754028320312e-02 3.045320510864257812e-03
1.588058471679687500e-02 2.973794937133789062e-03
1.445150375366210938e-02 2.628326416015625000e-03
1.406335830688476562e-02 2.495765686035156250e-03
1.444125175476074219e-02 2.601385116577148438e-03
1.432466506958007812e-02 2.591848373413085938e-03
1.427650451660156250e-02 2.581596374511718750e-03
1.391625404357910156e-02 2.549886703491210938e-03
1.442408561706542969e-02 2.582073211669921875e-03
1.372981071472167969e-02 2.544403076171875000e-03
1.365709304809570312e-02 2.498865127563476562e-03
1.381874084472656250e-02 2.505302429199218750e-03
1.357293128967285156e-02 2.502441406250000000e-03
1.370024681091308594e-02 2.497434616088867188e-03
1.361370086669921875e-02 2.483129501342773438e-03
1.312851905822753906e-02 2.488374710083007812e-03
1.371431350708007812e-02 2.505064010620117188e-03
1.364994049072265625e-02 2.501487731933593750e-03
