8.929038047790527344e-02 1.523947715759277344e-02
8.310985565185546875e-02 1.099038124084472656e-02
7.848525047302246094e-02 1.125001907348632812e-02
7.864499092102050781e-02 1.068758964538574219e-02
7.770824432373046875e-02 1.058411598205566406e-02
7.791781425476074219e-02 1.089262962341308594e-02
7.788491249084472656e-02 1.093816757202148438e-02
7.802391052246093750e-02 1.076245307922363281e-02
7.764887809753417969e-02 1.086831092834472656e-02
7.751893997192382812e-02 1.079583168029785156e-02
7.760763168334960938e-02 1.070523262023925781e-02
7.791090011596679688e-02 1.065039634704589844e-02
7.748508453369140625e-02 1.063323020935058594e-02
