5.453944206237792969e-02 1.383495330810546875e-02
5.506229400634765625e-02 1.352667808532714844e-02
5.451512336730957031e-02 1.004505157470703125e-02
5.243134498596191406e-02 1.017713546752929688e-02
5.194091796875000000e-02 9.718179702758789062e-03
5.180168151855468750e-02 9.792327880859375000e-03
5.179500579833984375e-02 9.881258010864257812e-03
5.071544647216796875e-02 9.737491607666015625e-03
5.180573463439941406e-02 9.901523590087890625e-03
5.196213722229003906e-02 9.757518768310546875e-03
5.191040039062500000e-02 9.805917739868164062e-03
5.193948745727539062e-02 9.802579879760742188e-03
5.112886428833007812e-02 9.691715240478515625e-03
5.060696601867675781e-02 9.719371795654296875e-03
5.090546607971191406e-02 9.731769561767578125e-03
5.128407478332519531e-02 9.817838668823242188e-03
5.237483978271484375e-02 9.877443313598632812e-03
5.072259902954101562e-02 9.740114212036132812e-03
5.153656005859375000e-02 9.787559509277343750e-03
5.200505256652832031e-02 9.822607040405273438e-03
5.063819885253906250e-02 9.670495986938476562e-03
5.094099044799804688e-02 9.598731994628906250e-03
5.029869079589843750e-02 9.708166122436523438e-03
5.062103271484375000e-02 9.689092636108398438e-03
5.021476745605468750e-02 9.812831878662109375e-03
5.206298828125000000e-02 9.759187698364257812e-03
1.692366600036621094e-01 2.085876464843750000e-02
5.457425117492675781e-02 9.816408157348632812e-03
5.387663841247558594e-02 1.032614707946777344e-02
5.244922637939453125e-02 1.027584075927734375e-02
5.192160606384277344e-02 9.835004806518554688e-03
5.121660232543945312e-02 9.879827499389648438e-03
7.531690597534179688e-02 1.180624961853027344e-02
5.109548568725585938e-02 9.771108627319335938e-03
5.124235153198242188e-02 9.771347045898437500e-03
5.080795288085937500e-02 9.694814682006835938e-03
5.074024200439453125e-02 9.631633758544921875e-03
5.065035820007324219e-02 9.754896163940429688e-03
5.116081237792968750e-02 9.755849838256835938e-03
5.151963233947753906e-02 9.899854660034179688e-03
5.106449127197265625e-02 9.662628173828125000e-03
5.158019065856933594e-02 9.874343872070312500e-03
5.092692375183105469e-02 9.757995605468750000e-03
5.100417137145996094e-02 9.671449661254882812e-03
5.099105834960937500e-02 9.795427322387695312e-03
5.116152763366699219e-02 9.658575057983398438e-03
5.063390731811523438e-02 9.613513946533203125e-03
5.191683769226074219e-02 9.927272796630859375e-03
5.156493186950683594e-02 9.810686111450195312e-03
5.097270011901855469e-02 9.676694869995117188e-03
5.056905746459960938e-02 9.716749191284179688e-03
5.054545402526855469e-02 9.709358215332031250e-03
5.059671401977539062e-02 9.665727615356445312e-03
5.097866058349609375e-02 9.661197662353515625e-03
5.021023750305175781e-02 9.670734405517578125e-03
5.200052261352539062e-02 9.817600250244140625e-03
5.072045326232910156e-02 9.643554687500000000e-03
5.052614212036132812e-02 9.767770767211914062e-03
5.119323730468750000e-02 9.787082672119140625e-03
5.056333541870117188e-02 9.641408920288085938e-03
5.051517486572265625e-02 9.700775146484375000e-03
5.072665214538574219e-02 9.651422500610351562e-03
5.001306533813476562e-02 9.668111801147460938e-03
5.081200599670410156e-02 9.728908538818359375e-03
5.264401435852050781e-02 1.024413108825683594e-02
5.247354507446289062e-02 1.026940345764160156e-02
5.221366882324218750e-02 1.007032394409179688e-02
5.124902725219726562e-02 9.624719619750976562e-03
5.078911781311035156e-02 9.846925735473632812e-03
5.056428909301757812e-02 9.641885757446289062e-03
5.167508125305175781e-02 9.819030761718750000e-03
5.019021034240722656e-02 9.716510772705078125e-03
5.165314674377441406e-02 9.814500808715820312e-03
5.087757110595703125e-02 9.703159332275390625e-03
5.074524879455566406e-02 9.756565093994140625e-03
5.067896842956542969e-02 9.667158126831054688e-03
5.085563659667968750e-02 9.768247604370117188e-03
5.089735984802246094e-02 9.675264358520507812e-03
5.134367942810058594e-02 9.757995605468750000e-03
5.173897743225097656e-02 9.824752807617187500e-03
5.115485191345214844e-02 9.714365005493164062e-03
5.059242248535156250e-02 9.702444076538085938e-03
5.111217498779296875e-02 9.871244430541992188e-03
5.124711990356445312e-02 9.799718856811523438e-03
5.109071731567382812e-02 9.657382965087890625e-03
5.075669288635253906e-02 9.664297103881835938e-03
5.222177505493164062e-02 9.867906570434570312e-03
5.127644538879394531e-02 9.663581848144531250e-03
5.078792572021484375e-02 9.799480438232421875e-03
5.038642883300781250e-02 9.702444076538085938e-03
5.091786384582519531e-02 9.649038314819335938e-03
5.161571502685546875e-02 9.826183319091796875e-03
5.012536048889160156e-02 9.757995605468750000e-03
5.198740959167480469e-02 9.799718856811523438e-03
5.056977272033691406e-02 9.742021560668945312e-03
5.251646041870117188e-02 9.823322296142578125e-03
5.123782157897949219e-02 9.828090667724609375e-03
5.141711235046386719e-02 9.749174118041992188e-03
5.049061775207519531e-02 9.842157363891601562e-03
5.078268051147460938e-02 9.712696075439453125e-03
