4.254078865051269531e-02 3.771066665649414062e-03
4.263377189636230469e-02 3.829956054687500000e-03
3.719115257263183594e-02 3.078460693359375000e-03
3.679299354553222656e-02 3.231048583984375000e-03
3.706717491149902344e-02 3.269195556640625000e-03
3.729081153869628906e-02 3.296375274658203125e-03
3.659701347351074219e-02 3.149509429931640625e-03
3.601670265197753906e-02 3.129720687866210938e-03
3.587818145751953125e-02 3.140687942504882812e-03
3.625798225402832031e-02 3.173351287841796875e-03
3.603577613830566406e-02 3.134965896606445312e-03
3.615045547485351562e-02 3.057003021240234375e-03
3.583526611328125000e-02 3.118753433227539062e-03
3.615188598632812500e-02 3.129959106445312500e-03
3.592586517333984375e-02 3.143787384033203125e-03
3.603315353393554688e-02 3.046274185180664062e-03
