8.538532257080078125e-02 1.505112648010253906e-02
8.390831947326660156e-02 1.056313514709472656e-02
7.780838012695312500e-02 1.070666313171386719e-02
7.808399200439453125e-02 1.060557365417480469e-02
7.679605484008789062e-02 1.043510437011718750e-02
7.668137550354003906e-02 1.044201850891113281e-02
7.790374755859375000e-02 1.101255416870117188e-02
7.692480087280273438e-02 1.065897941589355469e-02
7.658290863037109375e-02 1.068258285522460938e-02
7.700800895690917969e-02 1.151037216186523438e-02
8.129811286926269531e-02 1.120686531066894531e-02
7.847905158996582031e-02 1.082539558410644531e-02
7.802176475524902344e-02 1.064825057983398438e-02
7.667255401611328125e-02 1.049399375915527344e-02
7.656455039978027344e-02 1.046109199523925781e-02
7.785177230834960938e-02 1.056122779846191406e-02
7.674574851989746094e-02 1.074600219726562500e-02
7.631301879882812500e-02 1.064157485961914062e-02
7.806611061096191406e-02 1.090669631958007812e-02
7.786893844604492188e-02 1.063013076782226562e-02
7.657432556152343750e-02 1.048660278320312500e-02
7.676649093627929688e-02 1.056146621704101562e-02
7.669234275817871094e-02 1.053214073181152344e-02
7.652306556701660156e-02 1.046299934387207031e-02
7.682538032531738281e-02 1.044797897338867188e-02
7.649874687194824219e-02 1.043796539306640625e-02
7.685136795043945312e-02 1.073908805847167969e-02
7.667469978332519531e-02 1.067805290222167969e-02
7.739996910095214844e-02 1.077246665954589844e-02
7.749056816101074219e-02 1.076078414916992188e-02
7.679724693298339844e-02 1.061058044433593750e-02
7.658958435058593750e-02 5.274486541748046875e-02
7.763910293579101562e-02 1.062560081481933594e-02
7.670354843139648438e-02 1.048398017883300781e-02
7.896018028259277344e-02 1.154899597167968750e-02
8.022260665893554688e-02 1.135611534118652344e-02
7.830524444580078125e-02 1.071858406066894531e-02
7.677268981933593750e-02 1.076841354370117188e-02
7.638335227966308594e-02 1.061797142028808594e-02
