1.568031311035156250e-02 2.601146697998046875e-03
1.586890220642089844e-02 2.656936645507812500e-03
1.590275764465332031e-02 2.630472183227539062e-03
1.589679718017578125e-02 2.605676651000976562e-03
1.588773727416992188e-02 2.683639526367187500e-03
1.520848274230957031e-02 2.582788467407226562e-03
1.584887504577636719e-02 2.664089202880859375e-03
1.523900032043457031e-02 2.570152282714843750e-03
1.521348953247070312e-02 2.592802047729492188e-03
1.588678359985351562e-02 2.628803253173828125e-03
3.317761421203613281e-02 3.541469573974609375e-03
3.313493728637695312e-02 3.553152084350585938e-03
1.660346984863281250e-02 2.638816833496093750e-03
3.594350814819335938e-02 5.393505096435546875e-03
3.278398513793945312e-02 5.522966384887695312e-03
3.280091285705566406e-02 5.110502243041992188e-03
2.800631523132324219e-02 4.748106002807617188e-03
2.455973625183105469e-02 4.110574722290039062e-03
2.135348320007324219e-02 3.618717193603515625e-03
2.197885513305664062e-02 3.561258316040039062e-03
1.934790611267089844e-02 3.124952316284179688e-03
1.807928085327148438e-02 3.055095672607421875e-03
1.691126823425292969e-02 2.828359603881835938e-03
1.700067520141601562e-02 2.818346023559570312e-03
1.695394515991210938e-02 2.811670303344726562e-03
1.690673828125000000e-02 2.821445465087890625e-03
1.638007164001464844e-02 2.728700637817382812e-03
1.693272590637207031e-02 2.801418304443359375e-03
1.698255538940429688e-02 2.824068069458007812e-03
1.690649986267089844e-02 2.804279327392578125e-03
1.694464683532714844e-02 2.804279327392578125e-03
1.631784439086914062e-02 2.692699432373046875e-03
1.694703102111816406e-02 2.827644348144531250e-03
1.651334762573242188e-02 2.672910690307617188e-03
1.649093627929687500e-02 2.674818038940429688e-03
1.645374298095703125e-02 2.668857574462890625e-03
1.643490791320800781e-02 2.686023712158203125e-03
1.645946502685546875e-02 2.674579620361328125e-03
1.649856567382812500e-02 2.704143524169921875e-03
1.585221290588378906e-02 2.579450607299804688e-03
1.653623580932617188e-02 2.731323242187500000e-03
1.646018028259277344e-02 2.674341201782226562e-03
1.579070091247558594e-02 2.571344375610351562e-03
5.145001411437988281e-02 6.091833114624023438e-03
2.236461639404296875e-02 3.195762634277343750e-03
1.814818382263183594e-02 2.970933914184570312e-03
1.692891120910644531e-02 2.830505371093750000e-03
1.586031913757324219e-02 2.572536468505859375e-03
1.640248298645019531e-02 2.689123153686523438e-03
1.597976684570312500e-02 2.588987350463867188e-03
1.651263236999511719e-02 2.724647521972656250e-03
1.650738716125488281e-02 2.672195434570312500e-03
1.643967628479003906e-02 2.727746963500976562e-03
1.642751693725585938e-02 2.673625946044921875e-03
1.590228080749511719e-02 2.567768096923828125e-03
1.588749885559082031e-02 2.564191818237304688e-03
1.633381843566894531e-02 2.679586410522460938e-03
1.571345329284667969e-02 2.560615539550781250e-03
1.644945144653320312e-02 2.691984176635742188e-03
1.640057563781738281e-02 2.671003341674804688e-03
1.586413383483886719e-02 2.558946609497070312e-03
1.604747772216796875e-02 2.581596374511718750e-03
1.600122451782226562e-02 2.557754516601562500e-03
1.575231552124023438e-02 2.578973770141601562e-03
1.574301719665527344e-02 2.559423446655273438e-03
1.574373245239257812e-02 2.575874328613281250e-03
1.584410667419433594e-02 2.555131912231445312e-03
1.577639579772949219e-02 2.580642700195312500e-03
1.579260826110839844e-02 2.567291259765625000e-03
