5.250048637390136719e-02 1.025199890136718750e-02
5.251455307006835938e-02 1.012253761291503906e-02
5.195522308349609375e-02 9.887456893920898438e-03
5.100941658020019531e-02 1.018238067626953125e-02
5.097842216491699219e-02 5.136299133300781250e-02
5.168867111206054688e-02 9.866476058959960938e-03
5.069041252136230469e-02 9.737253189086914062e-03
5.522561073303222656e-02 1.030087471008300781e-02
5.272197723388671875e-02 1.020026206970214844e-02
5.202126502990722656e-02 1.013302803039550781e-02
5.160284042358398438e-02 9.694337844848632812e-03
5.048894882202148438e-02 9.696722030639648438e-03
