1.278777122497558594e-01 1.265144348144531250e-02
1.239984035491943359e-01 1.192569732666015625e-02
1.204819679260253906e-01 1.240873336791992188e-02
1.202790737152099609e-01 1.192045211791992188e-02
1.208930015563964844e-01 1.223421096801757812e-02
1.205973625183105469e-01 1.214337348937988281e-02
1.206996440887451172e-01 1.207160949707031250e-02
1.204192638397216797e-01 1.208734512329101562e-02
1.199727058410644531e-01 1.207399368286132812e-02
1.191649436950683594e-01 1.209616661071777344e-02
1.191654205322265625e-01 1.251792907714843750e-02
1.231355667114257812e-01 1.241016387939453125e-02
1.198346614837646484e-01 1.242899894714355469e-02
1.171829700469970703e-01 1.204276084899902344e-02
1.175460815429687500e-01 1.220941543579101562e-02
1.171560287475585938e-01 1.200485229492187500e-02
1.174099445343017578e-01 1.195812225341796875e-02
1.188380718231201172e-01 1.207375526428222656e-02
1.189947128295898438e-01 1.199507713317871094e-02
1.176612377166748047e-01 1.209831237792968750e-02
1.174705028533935547e-01 1.204323768615722656e-02
1.173563003540039062e-01 1.201844215393066406e-02
1.178019046783447266e-01 1.208996772766113281e-02
1.181559562683105469e-01 1.204991340637207031e-02
1.170613765716552734e-01 1.194906234741210938e-02
1.188609600067138672e-01 1.203918457031250000e-02
1.178755760192871094e-01 1.185679435729980469e-02
1.187422275543212891e-01 1.223158836364746094e-02
1.241955757141113281e-01 1.261377334594726562e-02
1.217796802520751953e-01 1.229929924011230469e-02
1.177201271057128906e-01 1.198554039001464844e-02
1.187136173248291016e-01 1.210618019104003906e-02
1.183121204376220703e-01 1.198053359985351562e-02
1.184122562408447266e-01 1.193475723266601562e-02
1.176893711090087891e-01 1.184201240539550781e-02
1.178801059722900391e-01 1.206851005554199219e-02
1.174879074096679688e-01 1.201319694519042969e-02
1.178314685821533203e-01 1.202583312988281250e-02
1.178321838378906250e-01 1.206016540527343750e-02
1.178717613220214844e-01 1.200962066650390625e-02
1.174688339233398438e-01 1.205992698669433594e-02
