1.621437072753906250e-02 2.602815628051757812e-03
1.632571220397949219e-02 2.647876739501953125e-03
4.454112052917480469e-02 2.857446670532226562e-03
1.689147949218750000e-02 2.825021743774414062e-03
1.584553718566894531e-02 2.713441848754882812e-03
1.557183265686035156e-02 2.588033676147460938e-03
1.612162590026855469e-02 2.760171890258789062e-03
1.635336875915527344e-02 2.745866775512695312e-03
3.102254867553710938e-02 3.393888473510742188e-03
1.663970947265625000e-02 2.664804458618164062e-03
1.557230949401855469e-02 2.521753311157226562e-03
1.504349708557128906e-02 2.481937408447265625e-03
1.502919197082519531e-02 2.539634704589843750e-03
1.515865325927734375e-02 2.488374710083007812e-03
1.516819000244140625e-02 2.527475357055664062e-03
1.545786857604980469e-02 2.566099166870117188e-03
1.518011093139648438e-02 2.528905868530273438e-03
1.519060134887695312e-02 2.562999725341796875e-03
