2.144002914428710938e-02 2.911567687988281250e-03
2.164244651794433594e-02 2.962827682495117188e-03
4.686284065246582031e-02 3.545045852661132812e-03
2.161002159118652344e-02 2.897977828979492188e-03
3.733682632446289062e-02 3.184318542480468750e-03
2.144694328308105469e-02 2.815485000610351562e-03
2.121710777282714844e-02 2.927064895629882812e-03
2.134895324707031250e-02 2.942562103271484375e-03
2.062892913818359375e-02 2.747058868408203125e-03
2.050447463989257812e-02 2.681970596313476562e-03
2.064466476440429688e-02 2.700567245483398438e-03
2.058291435241699219e-02 2.729892730712890625e-03
2.121782302856445312e-02 2.887964248657226562e-03
2.046966552734375000e-02 2.740621566772460938e-03
2.081608772277832031e-02 2.771615982055664062e-03
2.065253257751464844e-02 2.969503402709960938e-03
2.128148078918457031e-02 2.950191497802734375e-03
2.086615562438964844e-02 2.797365188598632812e-03
2.063131332397460938e-02 2.696514129638671875e-03
2.091288566589355469e-02 2.751350402832031250e-03
2.082896232604980469e-02 2.754211425781250000e-03
2.057075500488281250e-02 2.733469009399414062e-03
2.130055427551269531e-02 2.951622009277343750e-03
2.048659324645996094e-02 2.696275711059570312e-03
2.063632011413574219e-02 2.735137939453125000e-03
2.046990394592285156e-02 2.691030502319335938e-03
2.062869071960449219e-02 2.696514129638671875e-03
2.053666114807128906e-02 2.724885940551757812e-03
2.098846435546875000e-02 2.830982208251953125e-03
2.056431770324707031e-02 2.695560455322265625e-03
2.041530609130859375e-02 2.681493759155273438e-03
2.048850059509277344e-02 2.697706222534179688e-03
2.045464515686035156e-02 2.733469009399414062e-03
2.115917205810546875e-02 2.851009368896484375e-03
2.052044868469238281e-02 2.720117568969726562e-03
2.055478096008300781e-02 2.719879150390625000e-03
2.098155021667480469e-02 2.752065658569335938e-03
2.051854133605957031e-02 2.700328826904296875e-03
2.051067352294921875e-02 2.726078033447265625e-03
2.050662040710449219e-02 2.753734588623046875e-03
2.054595947265625000e-02 2.754211425781250000e-03
2.049374580383300781e-02 2.684831619262695312e-03
2.040982246398925781e-02 2.666950225830078125e-03
