3.207588195800781250e-02 3.029823303222656250e-03
3.216147422790527344e-02 3.118038177490234375e-03
3.172397613525390625e-02 2.956151962280273438e-03
3.151869773864746094e-02 3.003597259521484375e-03
3.163504600524902344e-02 2.986669540405273438e-03
3.163099288940429688e-02 2.994537353515625000e-03
3.137087821960449219e-02 3.002882003784179688e-03
3.184103965759277344e-02 3.004074096679687500e-03
3.230190277099609375e-02 3.090381622314453125e-03
3.161072731018066406e-02 2.984762191772460938e-03
3.168797492980957031e-02 3.021001815795898438e-03
3.169679641723632812e-02 2.994060516357421875e-03
3.134965896606445312e-02 2.954244613647460938e-03
3.149604797363281250e-02 2.993106842041015625e-03
3.163886070251464844e-02 2.986907958984375000e-03
3.152608871459960938e-02 3.015041351318359375e-03
3.157758712768554688e-02 2.994298934936523438e-03
3.155541419982910156e-02 2.989530563354492188e-03
