1.670575141906738281e-02 2.685070037841796875e-03
1.702928543090820312e-02 2.748489379882812500e-03
1.728868484497070312e-02 2.791166305541992188e-03
7.117056846618652344e-02 6.331443786621093750e-03
2.277994155883789062e-02 2.953290939331054688e-03
1.639556884765625000e-02 2.579927444458007812e-03
1.679325103759765625e-02 2.674818038940429688e-03
1.625657081604003906e-02 2.508401870727539062e-03
1.614379882812500000e-02 2.579212188720703125e-03
1.627993583679199219e-02 2.581119537353515625e-03
1.614999771118164062e-02 2.506732940673828125e-03
1.631212234497070312e-02 2.585411071777343750e-03
4.858279228210449219e-02 4.932165145874023438e-03
2.116417884826660156e-02 2.727746963500976562e-03
1.630139350891113281e-02 2.518892288208007812e-03
1.606535911560058594e-02 2.566099166870117188e-03
1.679706573486328125e-02 2.702951431274414062e-03
1.706385612487792969e-02 2.700090408325195312e-03
1.639986038208007812e-02 2.585172653198242188e-03
1.611971855163574219e-02 2.514123916625976562e-03
1.614570617675781250e-02 2.512216567993164062e-03
1.839709281921386719e-02 3.061056137084960938e-03
1.730155944824218750e-02 2.964735031127929688e-03
1.677680015563964844e-02 2.863168716430664062e-03
1.634049415588378906e-02 2.536296844482421875e-03
1.643705368041992188e-02 2.742290496826171875e-03
1.657176017761230469e-02 2.693891525268554688e-03
1.655387878417968750e-02 2.677679061889648438e-03
1.662659645080566406e-02 2.693176269531250000e-03
1.668334007263183594e-02 2.678871154785156250e-03
1.671314239501953125e-02 2.671718597412109375e-03
