1.106793880462646484e-01 1.595735549926757812e-02
1.086788177490234375e-01 1.155614852905273438e-02
1.036353111267089844e-01 1.150274276733398438e-02
1.043500900268554688e-01 1.159977912902832031e-02
1.043181419372558594e-01 1.180148124694824219e-02
1.049101352691650391e-01 1.162672042846679688e-02
1.044547557830810547e-01 1.147723197937011719e-02
1.045610904693603516e-01 1.159667968750000000e-02
1.043736934661865234e-01 1.154541969299316406e-02
1.047246456146240234e-01 1.150298118591308594e-02
1.045930385589599609e-01 1.139712333679199219e-02
1.043848991394042969e-01 1.139974594116210938e-02
1.056282520294189453e-01 1.164627075195312500e-02
1.037602424621582031e-01 1.157045364379882812e-02
1.044416427612304688e-01 1.161170005798339844e-02
1.043946743011474609e-01 1.126742362976074219e-02
9.987020492553710938e-02 1.124095916748046875e-02
1.006472110748291016e-01 1.118874549865722656e-02
9.997582435607910156e-02 1.123952865600585938e-02
1.042339801788330078e-01 1.198482513427734375e-02
1.044225692749023438e-01 1.157140731811523438e-02
1.017534732818603516e-01 1.133608818054199219e-02
1.004881858825683594e-01 1.125288009643554688e-02
1.008839607238769531e-01 1.127839088439941406e-02
1.002414226531982422e-01 1.125335693359375000e-02
9.996938705444335938e-02 1.131319999694824219e-02
1.001639366149902344e-01 1.125001907348632812e-02
9.987044334411621094e-02 1.118612289428710938e-02
1.002738475799560547e-01 1.119279861450195312e-02
1.008825302124023438e-01 1.117944717407226562e-02
1.008152961730957031e-01 1.125168800354003906e-02
1.005454063415527344e-01 1.128363609313964844e-02
1.007823944091796875e-01 1.121211051940917969e-02
9.978008270263671875e-02 1.118683815002441406e-02
9.965968132019042969e-02 1.119852066040039062e-02
1.005697250366210938e-01 1.122069358825683594e-02
1.002829074859619141e-01 1.123738288879394531e-02
9.962940216064453125e-02 1.121926307678222656e-02
1.008329391479492188e-01 1.121473312377929688e-02
