7.494354248046875000e-02 1.107597351074218750e-02
7.530522346496582031e-02 1.279902458190917969e-02
7.339239120483398438e-02 1.044654846191406250e-02
7.144093513488769531e-02 1.069617271423339844e-02
7.100772857666015625e-02 1.055526733398437500e-02
7.083272933959960938e-02 1.046085357666015625e-02
7.049703598022460938e-02 1.039171218872070312e-02
6.921148300170898438e-02 1.026988029479980469e-02
8.754897117614746094e-02 1.031446456909179688e-02
6.907439231872558594e-02 1.032447814941406250e-02
7.085990905761718750e-02 1.037311553955078125e-02
6.952977180480957031e-02 1.024746894836425781e-02
1.320033073425292969e-01 1.547384262084960938e-02
7.220268249511718750e-02 1.060628890991210938e-02
7.256603240966796875e-02 1.058697700500488281e-02
7.130575180053710938e-02 1.042938232421875000e-02
7.093071937561035156e-02 1.047825813293457031e-02
7.136774063110351562e-02 1.054239273071289062e-02
7.263135910034179688e-02 1.058602333068847656e-02
7.093739509582519531e-02 1.043534278869628906e-02
7.099246978759765625e-02 1.036238670349121094e-02
7.264900207519531250e-02 1.054525375366210938e-02
7.108736038208007812e-02 1.033568382263183594e-02
7.108139991760253906e-02 1.033830642700195312e-02
7.251119613647460938e-02 1.046109199523925781e-02
7.178163528442382812e-02 1.055097579956054688e-02
7.256650924682617188e-02 1.050019264221191406e-02
7.506251335144042969e-02 1.142287254333496094e-02
7.403039932250976562e-02 1.095604896545410156e-02
7.384276390075683594e-02 1.061916351318359375e-02
7.138156890869140625e-02 1.058101654052734375e-02
7.141399383544921875e-02 1.050233840942382812e-02
7.108569145202636719e-02 1.043319702148437500e-02
7.116317749023437500e-02 1.052618026733398438e-02
6.954073905944824219e-02 1.033663749694824219e-02
6.907582283020019531e-02 1.042890548706054688e-02
7.073235511779785156e-02 1.057600975036621094e-02
6.956028938293457031e-02 1.037859916687011719e-02
6.927895545959472656e-02 5.302453041076660156e-02
7.063031196594238281e-02 1.029515266418457031e-02
6.902623176574707031e-02 1.017618179321289062e-02
6.908559799194335938e-02 1.020669937133789062e-02
6.916260719299316406e-02 1.030635833740234375e-02
7.033371925354003906e-02 1.053142547607421875e-02
7.014131546020507812e-02 1.139283180236816406e-02
6.941056251525878906e-02 1.041674613952636719e-02
6.935286521911621094e-02 1.032567024230957031e-02
6.906509399414062500e-02 1.032495498657226562e-02
6.928539276123046875e-02 1.032233238220214844e-02
6.946825981140136719e-02 1.021289825439453125e-02
6.928157806396484375e-02 1.020240783691406250e-02
7.059240341186523438e-02 1.034569740295410156e-02
6.906318664550781250e-02 1.042962074279785156e-02
6.891250610351562500e-02 1.041197776794433594e-02
7.333564758300781250e-02 1.136946678161621094e-02
7.130718231201171875e-02 1.087617874145507812e-02
7.073760032653808594e-02 1.058816909790039062e-02
6.902575492858886719e-02 1.027917861938476562e-02
6.860542297363281250e-02 1.023387908935546875e-02
6.851935386657714844e-02 1.026868820190429688e-02
6.962513923645019531e-02 1.032829284667968750e-02
6.908893585205078125e-02 1.024246215820312500e-02
6.848740577697753906e-02 1.018381118774414062e-02
6.844115257263183594e-02 1.040816307067871094e-02
6.842660903930664062e-02 1.039338111877441406e-02
6.842041015625000000e-02 1.035809516906738281e-02
6.974196434020996094e-02 1.047611236572265625e-02
6.851530075073242188e-02 1.032876968383789062e-02
6.855607032775878906e-02 1.022791862487792969e-02
6.976795196533203125e-02 1.032900810241699219e-02
6.856989860534667969e-02 1.016092300415039062e-02
6.845998764038085938e-02 1.016306877136230469e-02
6.837606430053710938e-02 1.039886474609375000e-02
6.884241104125976562e-02 1.047515869140625000e-02
6.861257553100585938e-02 1.042294502258300781e-02
6.833529472351074219e-02 1.032114028930664062e-02
6.857180595397949219e-02 1.028990745544433594e-02
6.828260421752929688e-02 1.026272773742675781e-02
6.856584548950195312e-02 1.018238067626953125e-02
