1.079640388488769531e-01 1.592016220092773438e-02
1.078913211822509766e-01 1.145672798156738281e-02
1.001927852630615234e-01 1.133608818054199219e-02
1.009702682495117188e-01 1.164531707763671875e-02
1.012966632843017578e-01 1.144504547119140625e-02
1.014823913574218750e-01 1.139187812805175781e-02
1.006870269775390625e-01 1.143074035644531250e-02
1.012194156646728516e-01 1.140379905700683594e-02
1.011691093444824219e-01 1.138877868652343750e-02
9.962844848632812500e-02 1.125407218933105469e-02
9.913086891174316406e-02 1.128101348876953125e-02
1.006720066070556641e-01 1.141619682312011719e-02
9.912252426147460938e-02 1.126170158386230469e-02
1.009218692779541016e-01 1.137232780456542969e-02
9.984970092773437500e-02 1.127004623413085938e-02
9.885478019714355469e-02 1.128530502319335938e-02
1.008558273315429688e-01 1.135826110839843750e-02
1.015672683715820312e-01 1.140356063842773438e-02
1.007061004638671875e-01 1.138615608215332031e-02
1.021170616149902344e-01 1.143312454223632812e-02
1.047334671020507812e-01 1.166152954101562500e-02
1.037416458129882812e-01 1.158905029296875000e-02
9.934234619140625000e-02 1.134657859802246094e-02
9.962320327758789062e-02 1.129221916198730469e-02
9.940624237060546875e-02 1.135659217834472656e-02
9.929585456848144531e-02 1.131296157836914062e-02
9.915924072265625000e-02 1.144504547119140625e-02
9.915328025817871094e-02 1.130890846252441406e-02
9.807825088500976562e-02 1.133489608764648438e-02
1.003172397613525391e-01 1.144790649414062500e-02
9.933900833129882812e-02 1.142787933349609375e-02
9.851264953613281250e-02 1.131010055541992188e-02
9.789609909057617188e-02 1.131367683410644531e-02
9.831619262695312500e-02 1.128911972045898438e-02
9.818744659423828125e-02 1.151299476623535156e-02
9.831142425537109375e-02 1.132416725158691406e-02
9.874749183654785156e-02 1.131081581115722656e-02
9.807157516479492188e-02 1.131558418273925781e-02
9.916257858276367188e-02 1.140093803405761719e-02
9.877920150756835938e-02 1.147198677062988281e-02
1.028201580047607422e-01 1.200747489929199219e-02
1.034090518951416016e-01 1.162219047546386719e-02
9.975004196166992188e-02 1.136279106140136719e-02
9.930157661437988281e-02 1.133632659912109375e-02
9.978604316711425781e-02 1.144576072692871094e-02
9.915375709533691406e-02 1.133465766906738281e-02
9.924960136413574219e-02 1.133632659912109375e-02
9.950184822082519531e-02 1.136803627014160156e-02
9.917569160461425781e-02 1.138949394226074219e-02
1.011385917663574219e-01 1.146912574768066406e-02
9.918260574340820312e-02 1.132297515869140625e-02
9.878349304199218750e-02 1.136732101440429688e-02
9.943318367004394531e-02 1.135945320129394531e-02
9.844112396240234375e-02 1.136898994445800781e-02
9.952807426452636719e-02 1.128458976745605469e-02
9.900379180908203125e-02 1.135206222534179688e-02
9.896421432495117188e-02 1.131796836853027344e-02
9.819436073303222656e-02 1.131534576416015625e-02
9.958291053771972656e-02 1.134061813354492188e-02
