4.101085662841796875e-02 3.285884857177734375e-03
4.102182388305664062e-02 3.377676010131835938e-03
4.094910621643066406e-02 3.406286239624023438e-03
4.125189781188964844e-02 3.491163253784179688e-03
4.100489616394042969e-02 3.424406051635742188e-03
4.156041145324707031e-02 3.396034240722656250e-03
4.001951217651367188e-02 3.180980682373046875e-03
4.033875465393066406e-02 3.178358078002929688e-03
4.029726982116699219e-02 3.200054168701171875e-03
4.200601577758789062e-02 3.746032714843750000e-03
4.220247268676757812e-02 3.495931625366210938e-03
4.125833511352539062e-02 3.412961959838867188e-03
4.094147682189941406e-02 3.304243087768554688e-03
4.031515121459960938e-02 3.275871276855468750e-03
4.011988639831542969e-02 3.232717514038085938e-03
3.959703445434570312e-02 3.174781799316406250e-03
4.030251502990722656e-02 3.222465515136718750e-03
3.969764709472656250e-02 3.214359283447265625e-03
3.981208801269531250e-02 3.158569335937500000e-03
3.973340988159179688e-02 3.271579742431640625e-03
