1.093955039978027344e-01 1.600885391235351562e-02
1.099853515625000000e-01 1.152324676513671875e-02
1.025445461273193359e-01 1.129674911499023438e-02
1.013286113739013672e-01 1.148080825805664062e-02
1.020741462707519531e-01 1.138138771057128906e-02
1.000785827636718750e-01 1.125693321228027344e-02
1.010959148406982422e-01 1.133561134338378906e-02
1.013028621673583984e-01 1.148200035095214844e-02
1.002199649810791016e-01 1.124095916748046875e-02
1.005265712738037109e-01 1.136445999145507812e-02
1.006247997283935547e-01 1.135063171386718750e-02
1.016159057617187500e-01 1.138043403625488281e-02
1.015620231628417969e-01 1.132631301879882812e-02
9.967374801635742188e-02 1.119089126586914062e-02
1.838223934173583984e-01 1.737475395202636719e-02
1.018993854522705078e-01 1.133799552917480469e-02
1.008272171020507812e-01 1.135563850402832031e-02
1.014139652252197266e-01 1.130485534667968750e-02
1.017537117004394531e-01 1.184725761413574219e-02
1.060857772827148438e-01 1.180481910705566406e-02
1.036193370819091797e-01 1.144886016845703125e-02
1.017765998840332031e-01 1.145696640014648438e-02
1.017622947692871094e-01 1.136827468872070312e-02
1.018445491790771484e-01 1.131391525268554688e-02
1.021409034729003906e-01 1.125836372375488281e-02
1.017618179321289062e-01 1.127362251281738281e-02
1.009404659271240234e-01 1.121211051940917969e-02
1.017689704895019531e-01 1.153326034545898438e-02
