3.686189651489257812e-02 3.228902816772460938e-03
1.331815719604492188e-01 5.064249038696289062e-03
4.015445709228515625e-02 3.236770629882812500e-03
7.499170303344726562e-02 4.020452499389648438e-03
4.072427749633789062e-02 3.563642501831054688e-03
3.830361366271972656e-02 3.375053405761718750e-03
3.701281547546386719e-02 3.236770629882812500e-03
3.609275817871093750e-02 3.151178359985351562e-03
3.731656074523925781e-02 3.248214721679687500e-03
6.735634803771972656e-02 3.413200378417968750e-03
3.493952751159667969e-02 3.250122070312500000e-03
3.397870063781738281e-02 3.108739852905273438e-03
3.439545631408691406e-02 3.256320953369140625e-03
3.444838523864746094e-02 3.258943557739257812e-03
3.349423408508300781e-02 3.047466278076171875e-03
3.374266624450683594e-02 3.198623657226562500e-03
3.385353088378906250e-02 3.193855285644531250e-03
3.322601318359375000e-02 3.123521804809570312e-03
3.294277191162109375e-02 3.059387207031250000e-03
3.288531303405761719e-02 3.051757812500000000e-03
3.285694122314453125e-02 3.058195114135742188e-03
3.291654586791992188e-02 3.048181533813476562e-03
3.308629989624023438e-02 3.048658370971679688e-03
3.283071517944335938e-02 3.056287765502929688e-03
3.283834457397460938e-02 3.048419952392578125e-03
3.294515609741210938e-02 3.036737442016601562e-03
3.287577629089355469e-02 3.047227859497070312e-03
3.289675712585449219e-02 3.060340881347656250e-03
