2.629303932189941406e-02 2.822160720825195312e-03
2.601575851440429688e-02 2.770900726318359375e-03
2.609968185424804688e-02 2.923488616943359375e-03
2.651786804199218750e-02 2.855777740478515625e-03
2.624583244323730469e-02 2.857446670532226562e-03
2.556324005126953125e-02 2.785205841064453125e-03
2.543544769287109375e-02 2.779960632324218750e-03
2.578330039978027344e-02 2.760171890258789062e-03
2.557420730590820312e-02 2.772092819213867188e-03
2.619433403015136719e-02 2.859354019165039062e-03
2.604269981384277344e-02 2.775907516479492188e-03
2.553582191467285156e-02 2.788543701171875000e-03
2.581405639648437500e-02 2.757072448730468750e-03
2.570128440856933594e-02 2.774238586425781250e-03
2.556777000427246094e-02 2.764225006103515625e-03
2.552223205566406250e-02 2.764940261840820312e-03
2.562689781188964844e-02 2.775430679321289062e-03
2.556777000427246094e-02 2.774238586425781250e-03
2.562069892883300781e-02 2.787113189697265625e-03
