1.404690742492675781e-02 2.532482147216796875e-03
1.430511474609375000e-02 2.632617950439453125e-03
1.428174972534179688e-02 2.675771713256835938e-03
6.498551368713378906e-02 6.879806518554687500e-03
2.251720428466796875e-02 4.049062728881835938e-03
1.935410499572753906e-02 3.483533859252929688e-03
1.681518554687500000e-02 3.196716308593750000e-03
1.741933822631835938e-02 3.317356109619140625e-03
1.740980148315429688e-02 3.308534622192382812e-03
1.740360260009765625e-02 3.295660018920898438e-03
1.737976074218750000e-02 3.319978713989257812e-03
1.587200164794921875e-02 3.011941909790039062e-03
1.517176628112792969e-02 2.884387969970703125e-03
1.589202880859375000e-02 2.991914749145507812e-03
1.596665382385253906e-02 3.013372421264648438e-03
1.601433753967285156e-02 2.988576889038085938e-03
1.600408554077148438e-02 3.003120422363281250e-03
1.489639282226562500e-02 2.783298492431640625e-03
1.438331604003906250e-02 2.683877944946289062e-03
1.500177383422851562e-02 2.778530120849609375e-03
1.484489440917968750e-02 2.782583236694335938e-03
1.484203338623046875e-02 2.778530120849609375e-03
1.429963111877441406e-02 2.655982971191406250e-03
5.051422119140625000e-02 7.739782333374023438e-03
2.370619773864746094e-02 3.170728683471679688e-03
1.480841636657714844e-02 2.467393875122070312e-03
1.368737220764160156e-02 2.436399459838867188e-03
1.429009437561035156e-02 2.649545669555664062e-03
1.368284225463867188e-02 2.521991729736328125e-03
1.371216773986816406e-02 2.522706985473632812e-03
1.358127593994140625e-02 2.517700195312500000e-03
1.339793205261230469e-02 2.509832382202148438e-03
1.366066932678222656e-02 2.475023269653320312e-03
1.352119445800781250e-02 2.461671829223632812e-03
1.392221450805664062e-02 2.475738525390625000e-03
1.368069648742675781e-02 2.494335174560546875e-03
1.356792449951171875e-02 2.468347549438476562e-03
