8.050990104675292969e-02 1.108646392822265625e-02
8.035516738891601562e-02 1.122665405273437500e-02
7.775592803955078125e-02 1.068115234375000000e-02
7.785081863403320312e-02 1.066327095031738281e-02
7.813620567321777344e-02 1.075172424316406250e-02
7.696533203125000000e-02 1.068568229675292969e-02
7.816076278686523438e-02 1.075100898742675781e-02
7.668614387512207031e-02 1.055932044982910156e-02
7.787036895751953125e-02 1.056933403015136719e-02
7.651948928833007812e-02 1.055097579956054688e-02
7.802867889404296875e-02 1.084184646606445312e-02
7.659482955932617188e-02 1.080584526062011719e-02
7.709240913391113281e-02 1.079559326171875000e-02
7.677650451660156250e-02 1.179504394531250000e-02
8.209609985351562500e-02 1.144075393676757812e-02
7.915735244750976562e-02 1.104784011840820312e-02
7.677578926086425781e-02 1.061630249023437500e-02
7.686328887939453125e-02 1.054000854492187500e-02
7.668423652648925781e-02 1.053285598754882812e-02
7.683682441711425781e-02 1.077771186828613281e-02
