3.109908103942871094e-02 3.031730651855468750e-03
9.768629074096679688e-02 6.813764572143554688e-03
5.420756340026855469e-02 5.136728286743164062e-03
4.745316505432128906e-02 4.495143890380859375e-03
4.221558570861816406e-02 4.070520401000976562e-03
3.435134887695312500e-02 3.182172775268554688e-03
3.272891044616699219e-02 3.248214721679687500e-03
3.160691261291503906e-02 3.142595291137695312e-03
3.157806396484375000e-02 3.080368041992187500e-03
3.166103363037109375e-02 3.056049346923828125e-03
3.114509582519531250e-02 2.952814102172851562e-03
3.068900108337402344e-02 2.968072891235351562e-03
3.078794479370117188e-02 2.957582473754882812e-03
3.089427947998046875e-02 2.941846847534179688e-03
3.072595596313476562e-02 2.989530563354492188e-03
3.067779541015625000e-02 2.963542938232421875e-03
