3.010129928588867188e-02 3.002405166625976562e-03
3.015160560607910156e-02 2.984046936035156250e-03
3.020143508911132812e-02 3.018856048583984375e-03
2.951455116271972656e-02 2.900123596191406250e-03
3.032732009887695312e-02 3.011941909790039062e-03
2.961802482604980469e-02 2.928018569946289062e-03
2.951049804687500000e-02 2.928018569946289062e-03
2.940058708190917969e-02 2.925157546997070312e-03
2.941322326660156250e-02 2.912998199462890625e-03
2.936434745788574219e-02 2.924919128417968750e-03
2.941894531250000000e-02 2.885341644287109375e-03
2.936673164367675781e-02 2.878427505493164062e-03
2.949070930480957031e-02 2.878189086914062500e-03
2.965259552001953125e-02 2.871036529541015625e-03
