3.262519836425781250e-02 3.351211547851562500e-03
1.750922203063964844e-02 2.669811248779296875e-03
1.699829101562500000e-02 2.757549285888671875e-03
1.690983772277832031e-02 2.760171890258789062e-03
1.692390441894531250e-02 2.685070037841796875e-03
1.698708534240722656e-02 2.747535705566406250e-03
1.697635650634765625e-02 2.705574035644531250e-03
1.695775985717773438e-02 2.698659896850585938e-03
1.706981658935546875e-02 2.789020538330078125e-03
1.718139648437500000e-02 2.792835235595703125e-03
1.692461967468261719e-02 2.780675888061523438e-03
5.173993110656738281e-02 5.550146102905273438e-03
2.190470695495605469e-02 2.837657928466796875e-03
1.628518104553222656e-02 2.511501312255859375e-03
1.685285568237304688e-02 2.717256546020507812e-03
1.701426506042480469e-02 2.696514129638671875e-03
1.696085929870605469e-02 2.703428268432617188e-03
1.691794395446777344e-02 2.694368362426757812e-03
1.634025573730468750e-02 2.590417861938476562e-03
1.685619354248046875e-02 2.712249755859375000e-03
1.691651344299316406e-02 2.697706222534179688e-03
1.685523986816406250e-02 2.661228179931640625e-03
1.655721664428710938e-02 2.584457397460937500e-03
1.698017120361328125e-02 2.729654312133789062e-03
1.693725585937500000e-02 2.682447433471679688e-03
1.689529418945312500e-02 2.686262130737304688e-03
1.694273948669433594e-02 2.695560455322265625e-03
1.639699935913085938e-02 2.598524093627929688e-03
1.678681373596191406e-02 2.704620361328125000e-03
1.694893836975097656e-02 2.706050872802734375e-03
1.686024665832519531e-02 2.749204635620117188e-03
1.688933372497558594e-02 2.685070037841796875e-03
1.700210571289062500e-02 2.734899520874023438e-03
1.627707481384277344e-02 2.580404281616210938e-03
1.616907119750976562e-02 2.509117126464843750e-03
1.612639427185058594e-02 2.603769302368164062e-03
1.603984832763671875e-02 2.540826797485351562e-03
1.600241661071777344e-02 2.502202987670898438e-03
1.599979400634765625e-02 2.484560012817382812e-03
1.610517501831054688e-02 2.510070800781250000e-03
1.609325408935546875e-02 2.513647079467773438e-03
1.617217063903808594e-02 2.542257308959960938e-03
