4.077887535095214844e-02 3.402948379516601562e-03
4.087686538696289062e-02 3.395080566406250000e-03
4.070782661437988281e-02 3.415346145629882812e-03
4.007220268249511719e-02 3.372430801391601562e-03
4.038977622985839844e-02 3.344774246215820312e-03
3.996562957763671875e-02 3.325700759887695312e-03
3.966403007507324219e-02 3.336668014526367188e-03
3.978157043457031250e-02 3.339767456054687500e-03
4.025554656982421875e-02 3.292798995971679688e-03
3.920459747314453125e-02 3.188371658325195312e-03
4.011082649230957031e-02 3.288269042968750000e-03
3.976082801818847656e-02 3.327846527099609375e-03
3.995561599731445312e-02 3.365278244018554688e-03
3.912448883056640625e-02 3.197431564331054688e-03
4.019737243652343750e-02 3.349304199218750000e-03
7.166886329650878906e-02 4.511117935180664062e-03
4.254174232482910156e-02 3.450155258178710938e-03
4.000878334045410156e-02 3.284931182861328125e-03
3.934049606323242188e-02 3.201723098754882812e-03
3.925132751464843750e-02 3.192424774169921875e-03
4.000806808471679688e-02 3.351688385009765625e-03
3.937792778015136719e-02 3.205537796020507812e-03
3.922939300537109375e-02 3.182649612426757812e-03
3.923702239990234375e-02 3.206491470336914062e-03
3.929400444030761719e-02 3.188133239746093750e-03
3.924894332885742188e-02 3.207445144653320312e-03
4.008197784423828125e-02 3.336906433105468750e-03
3.992009162902832031e-02 3.328561782836914062e-03
4.016518592834472656e-02 3.350019454956054688e-03
3.938651084899902344e-02 3.187417984008789062e-03
3.930878639221191406e-02 3.177642822265625000e-03
3.925013542175292969e-02 3.194332122802734375e-03
3.921747207641601562e-02 3.239154815673828125e-03
3.915739059448242188e-02 3.198623657226562500e-03
3.932285308837890625e-02 3.191709518432617188e-03
3.919601440429687500e-02 3.193855285644531250e-03
3.928256034851074219e-02 3.236293792724609375e-03
3.903818130493164062e-02 3.235340118408203125e-03
