2.734017372131347656e-02 2.894878387451171875e-03
2.710986137390136719e-02 2.922296524047851562e-03
2.771687507629394531e-02 2.931833267211914062e-03
1.311023235321044922e-01 3.040313720703125000e-03
2.769112586975097656e-02 2.973318099975585938e-03
2.955412864685058594e-02 3.020286560058593750e-03
2.777481079101562500e-02 3.008604049682617188e-03
2.776527404785156250e-02 2.994775772094726562e-03
2.774071693420410156e-02 2.989053726196289062e-03
2.745008468627929688e-02 3.003358840942382812e-03
2.682304382324218750e-02 2.901315689086914062e-03
1.219322681427001953e-01 1.017713546752929688e-02
4.058384895324707031e-02 4.079103469848632812e-03
3.252267837524414062e-02 3.572940826416015625e-03
3.181362152099609375e-02 3.484964370727539062e-03
3.230929374694824219e-02 3.612279891967773438e-03
3.179168701171875000e-02 3.483533859252929688e-03
3.223800659179687500e-02 3.580093383789062500e-03
3.163433074951171875e-02 3.492116928100585938e-03
3.236937522888183594e-02 3.587722778320312500e-03
3.164696693420410156e-02 3.509283065795898438e-03
3.225016593933105469e-02 3.594875335693359375e-03
3.231954574584960938e-02 3.592967987060546875e-03
3.191423416137695312e-02 3.503084182739257812e-03
3.173971176147460938e-02 3.474950790405273438e-03
2.913570404052734375e-02 3.176927566528320312e-03
2.682518959045410156e-02 2.929687500000000000e-03
2.612066268920898438e-02 2.785682678222656250e-03
2.597880363464355469e-02 2.780914306640625000e-03
2.571845054626464844e-02 2.770185470581054688e-03
2.578830718994140625e-02 2.776622772216796875e-03
2.599382400512695312e-02 2.776861190795898438e-03
