7.459616661071777344e-02 1.089382171630859375e-02
7.431149482727050781e-02 1.163339614868164062e-02
7.192277908325195312e-02 1.050496101379394531e-02
7.275104522705078125e-02 1.072573661804199219e-02
7.269024848937988281e-02 1.065039634704589844e-02
7.277679443359375000e-02 1.060724258422851562e-02
7.126188278198242188e-02 1.043891906738281250e-02
7.135748863220214844e-02 1.064872741699218750e-02
7.258725166320800781e-02 1.070284843444824219e-02
7.271099090576171875e-02 1.049828529357910156e-02
7.620000839233398438e-02 1.093387603759765625e-02
7.280182838439941406e-02 1.086568832397460938e-02
7.139492034912109375e-02 1.036858558654785156e-02
7.071256637573242188e-02 1.040911674499511719e-02
7.178664207458496094e-02 1.051425933837890625e-02
7.075881958007812500e-02 1.040053367614746094e-02
7.061314582824707031e-02 1.045322418212890625e-02
7.186889648437500000e-02 1.053357124328613281e-02
7.082152366638183594e-02 1.036262512207031250e-02
7.077622413635253906e-02 1.046252250671386719e-02
8.774757385253906250e-02 1.034808158874511719e-02
7.041096687316894531e-02 1.054143905639648438e-02
7.093787193298339844e-02 1.052308082580566406e-02
7.047438621520996094e-02 1.046895980834960938e-02
7.044982910156250000e-02 1.040482521057128906e-02
7.074117660522460938e-02 1.042461395263671875e-02
7.058405876159667969e-02 1.042795181274414062e-02
7.031154632568359375e-02 1.038217544555664062e-02
7.225823402404785156e-02 1.049566268920898438e-02
7.069158554077148438e-02 1.038241386413574219e-02
7.063555717468261719e-02 1.039576530456542969e-02
7.093644142150878906e-02 1.050281524658203125e-02
7.071566581726074219e-02 1.037693023681640625e-02
7.048654556274414062e-02 1.038527488708496094e-02
7.113862037658691406e-02 1.049709320068359375e-02
7.042908668518066406e-02 1.047778129577636719e-02
7.046675682067871094e-02 1.049304008483886719e-02
7.511138916015625000e-02 1.119470596313476562e-02
