2.688956260681152344e-02 2.883911132812500000e-03
2.763605117797851562e-02 2.937078475952148438e-03
2.656817436218261719e-02 2.833843231201171875e-03
2.716875076293945312e-02 2.961635589599609375e-03
2.651333808898925781e-02 2.878427505493164062e-03
2.727818489074707031e-02 2.923250198364257812e-03
2.753424644470214844e-02 2.975702285766601562e-03
2.659797668457031250e-02 2.903938293457031250e-03
1.332166194915771484e-01 1.007008552551269531e-02
3.907871246337890625e-02 3.237962722778320312e-03
2.713179588317871094e-02 2.851963043212890625e-03
2.676391601562500000e-02 2.827882766723632812e-03
2.687382698059082031e-02 2.901792526245117188e-03
2.698254585266113281e-02 2.815485000610351562e-03
2.662968635559082031e-02 2.847909927368164062e-03
2.656197547912597656e-02 2.911567687988281250e-03
2.656269073486328125e-02 2.820491790771484375e-03
2.643823623657226562e-02 2.835035324096679688e-03
