2.634954452514648438e-02 2.840995788574218750e-03
2.658915519714355469e-02 2.882003784179687500e-03
2.682518959045410156e-02 2.922534942626953125e-03
2.665638923645019531e-02 2.915143966674804688e-03
2.610731124877929688e-02 2.827167510986328125e-03
2.620315551757812500e-02 2.770900726318359375e-03
2.663278579711914062e-02 2.875089645385742188e-03
2.662682533264160156e-02 2.874612808227539062e-03
2.628493309020996094e-02 2.819538116455078125e-03
2.625751495361328125e-02 2.783298492431640625e-03
2.553248405456542969e-02 2.778768539428710938e-03
2.615714073181152344e-02 2.782344818115234375e-03
2.556967735290527344e-02 2.771854400634765625e-03
2.622151374816894531e-02 2.777576446533203125e-03
2.550029754638671875e-02 2.817630767822265625e-03
2.640175819396972656e-02 2.863645553588867188e-03
2.610659599304199219e-02 2.776861190795898438e-03
