1.892066001892089844e-02 2.763509750366210938e-03
1.867651939392089844e-02 2.722978591918945312e-03
1.919984817504882812e-02 2.743005752563476562e-03
1.925635337829589844e-02 2.825975418090820312e-03
4.805850982666015625e-02 4.029273986816406250e-03
2.069211006164550781e-02 2.815485000610351562e-03
3.524684906005859375e-02 3.519535064697265625e-03
2.110409736633300781e-02 3.177881240844726562e-03
1.997470855712890625e-02 2.833127975463867188e-03
1.944994926452636719e-02 3.173351287841796875e-03
2.036643028259277344e-02 2.895355224609375000e-03
1.949429512023925781e-02 2.891302108764648438e-03
1.912069320678710938e-02 2.833366394042968750e-03
1.950550079345703125e-02 2.890348434448242188e-03
1.951718330383300781e-02 2.858638763427734375e-03
1.955699920654296875e-02 2.915620803833007812e-03
1.924848556518554688e-02 2.780675888061523438e-03
1.932406425476074219e-02 2.819538116455078125e-03
1.923751831054687500e-02 2.773284912109375000e-03
1.928400993347167969e-02 2.780675888061523438e-03
1.936864852905273438e-02 2.829790115356445312e-03
1.847815513610839844e-02 2.713680267333984375e-03
1.839685440063476562e-02 2.624750137329101562e-03
1.836729049682617188e-02 2.594709396362304688e-03
1.916599273681640625e-02 2.759695053100585938e-03
1.929545402526855469e-02 2.769708633422851562e-03
1.920080184936523438e-02 2.788305282592773438e-03
1.845693588256835938e-02 2.683401107788085938e-03
1.904726028442382812e-02 2.762317657470703125e-03
4.803323745727539062e-02 4.027366638183593750e-03
2.066993713378906250e-02 2.667188644409179688e-03
1.872587203979492188e-02 2.695083618164062500e-03
1.909780502319335938e-02 2.786159515380859375e-03
1.915168762207031250e-02 2.806425094604492188e-03
1.851415634155273438e-02 2.595901489257812500e-03
1.843571662902832031e-02 2.595424652099609375e-03
1.841902732849121094e-02 2.608537673950195312e-03
1.904296875000000000e-02 2.786159515380859375e-03
1.850271224975585938e-02 2.671480178833007812e-03
1.842331886291503906e-02 2.671241760253906250e-03
1.850748062133789062e-02 2.651214599609375000e-03
1.860809326171875000e-02 2.620220184326171875e-03
1.826262474060058594e-02 2.593278884887695312e-03
1.841521263122558594e-02 2.611637115478515625e-03
1.844239234924316406e-02 2.655267715454101562e-03
1.849937438964843750e-02 2.635955810546875000e-03
1.833748817443847656e-02 2.624034881591796875e-03
