6.669855117797851562e-02 1.438403129577636719e-02
6.580471992492675781e-02 1.423406600952148438e-02
6.210613250732421875e-02 1.010870933532714844e-02
6.145000457763671875e-02 1.004767417907714844e-02
6.121397018432617188e-02 1.010203361511230469e-02
6.135582923889160156e-02 1.016306877136230469e-02
6.114697456359863281e-02 1.044154167175292969e-02
6.159663200378417969e-02 1.013278961181640625e-02
6.116867065429687500e-02 1.019740104675292969e-02
6.115341186523437500e-02 1.022005081176757812e-02
1.170966625213623047e-01 1.502060890197753906e-02
6.218600273132324219e-02 1.103687286376953125e-02
6.283617019653320312e-02 1.036262512207031250e-02
6.226515769958496094e-02 1.039409637451171875e-02
6.012773513793945312e-02 1.000070571899414062e-02
6.112957000732421875e-02 1.017022132873535156e-02
5.962491035461425781e-02 1.004290580749511719e-02
5.970144271850585938e-02 9.975194931030273438e-03
5.970025062561035156e-02 1.006627082824707031e-02
6.088304519653320312e-02 5.187559127807617188e-02
6.077146530151367188e-02 1.002502441406250000e-02
5.995726585388183594e-02 1.009845733642578125e-02
5.959987640380859375e-02 9.949207305908203125e-03
5.981636047363281250e-02 9.954690933227539062e-03
7.980251312255859375e-02 1.024055480957031250e-02
6.064295768737792969e-02 1.012086868286132812e-02
7.714891433715820312e-02 1.005125045776367188e-02
6.093597412109375000e-02 1.023888587951660156e-02
6.079053878784179688e-02 1.011872291564941406e-02
6.084966659545898438e-02 1.003098487854003906e-02
5.974555015563964844e-02 9.944915771484375000e-03
5.971097946166992188e-02 9.971380233764648438e-03
6.095337867736816406e-02 1.019716262817382812e-02
6.089377403259277344e-02 1.017427444458007812e-02
5.970525741577148438e-02 1.010560989379882812e-02
5.982112884521484375e-02 1.005697250366210938e-02
5.947351455688476562e-02 9.967088699340820312e-03
5.955219268798828125e-02 9.993076324462890625e-03
5.989289283752441406e-02 9.989976882934570312e-03
5.954360961914062500e-02 9.926557540893554688e-03
5.960726737976074219e-02 1.006627082824707031e-02
6.046962738037109375e-02 1.128172874450683594e-02
6.369662284851074219e-02 1.060247421264648438e-02
6.143069267272949219e-02 1.022887229919433594e-02
6.047606468200683594e-02 1.013398170471191406e-02
