3.230977058410644531e-02 3.041505813598632812e-03
3.235292434692382812e-02 3.085613250732421875e-03
3.233599662780761719e-02 3.102779388427734375e-03
3.227734565734863281e-02 3.083705902099609375e-03
3.236985206604003906e-02 3.104686737060546875e-03
5.927562713623046875e-02 3.275394439697265625e-03
3.303098678588867188e-02 3.125905990600585938e-03
3.310728073120117188e-02 3.186225891113281250e-03
3.294277191162109375e-02 3.194093704223632812e-03
3.301501274108886719e-02 3.193616867065429688e-03
3.310227394104003906e-02 3.215312957763671875e-03
3.299927711486816406e-02 3.201007843017578125e-03
1.170532703399658203e-01 6.814956665039062500e-03
4.178118705749511719e-02 3.835439682006835938e-03
3.904700279235839844e-02 3.850936889648437500e-03
3.566384315490722656e-02 3.423213958740234375e-03
3.339934349060058594e-02 3.253459930419921875e-03
3.248786926269531250e-02 3.096103668212890625e-03
9.210419654846191406e-02 7.035493850708007812e-03
3.951311111450195312e-02 2.941608428955078125e-03
3.268957138061523438e-02 3.142118453979492188e-03
3.188538551330566406e-02 2.981901168823242188e-03
3.165292739868164062e-02 3.004789352416992188e-03
3.149890899658203125e-02 2.959489822387695312e-03
3.173327445983886719e-02 2.986431121826171875e-03
3.158020973205566406e-02 2.978086471557617188e-03
3.235888481140136719e-02 3.150463104248046875e-03
3.157854080200195312e-02 2.989053726196289062e-03
3.163361549377441406e-02 2.972602844238281250e-03
3.157639503479003906e-02 2.945184707641601562e-03
3.237271308898925781e-02 3.092765808105468750e-03
7.643914222717285156e-02 6.050109863281250000e-03
3.770923614501953125e-02 2.945661544799804688e-03
3.171014785766601562e-02 3.011465072631835938e-03
3.159689903259277344e-02 3.042459487915039062e-03
3.165912628173828125e-02 2.997636795043945312e-03
3.161597251892089844e-02 3.000497817993164062e-03
3.176522254943847656e-02 2.965450286865234375e-03
3.141212463378906250e-02 2.998352050781250000e-03
3.165602684020996094e-02 3.001928329467773438e-03
3.149175643920898438e-02 3.001213073730468750e-03
