1.562452316284179688e-02 2.548694610595703125e-03
1.576709747314453125e-02 2.650260925292968750e-03
1.584482192993164062e-02 2.646923065185546875e-03
1.586270332336425781e-02 2.681255340576171875e-03
1.584219932556152344e-02 2.701044082641601562e-03
1.580142974853515625e-02 2.613544464111328125e-03
1.592350006103515625e-02 2.633810043334960938e-03
1.594066619873046875e-02 2.624034881591796875e-03
1.587629318237304688e-02 2.680063247680664062e-03
3.317379951477050781e-02 3.513574600219726562e-03
1.668238639831542969e-02 2.605199813842773438e-03
1.588273048400878906e-02 2.621173858642578125e-03
1.590919494628906250e-02 2.695083618164062500e-03
1.524114608764648438e-02 2.579689025878906250e-03
1.581478118896484375e-02 2.608060836791992188e-03
1.583886146545410156e-02 2.630233764648437500e-03
1.588034629821777344e-02 2.600431442260742188e-03
1.527619361877441406e-02 2.578973770141601562e-03
1.589536666870117188e-02 2.634525299072265625e-03
3.319859504699707031e-02 3.533124923706054688e-03
1.664471626281738281e-02 2.608299255371093750e-03
1.520609855651855469e-02 2.507448196411132812e-03
1.505422592163085938e-02 2.548933029174804688e-03
1.507472991943359375e-02 2.514839172363281250e-03
1.512670516967773438e-02 2.533674240112304688e-03
1.503753662109375000e-02 2.500295639038085938e-03
1.511025428771972656e-02 2.569437026977539062e-03
1.510548591613769531e-02 2.500772476196289062e-03
1.526927947998046875e-02 2.565145492553710938e-03
1.518130302429199219e-02 2.554893493652343750e-03
1.511788368225097656e-02 2.501726150512695312e-03
1.581549644470214844e-02 2.672910690307617188e-03
1.531219482421875000e-02 2.580165863037109375e-03
1.591730117797851562e-02 2.645730972290039062e-03
1.520085334777832031e-02 2.571582794189453125e-03
1.529216766357421875e-02 2.600908279418945312e-03
1.521492004394531250e-02 2.548694610595703125e-03
1.524996757507324219e-02 2.560138702392578125e-03
3.324961662292480469e-02 3.518104553222656250e-03
1.666021347045898438e-02 2.594709396362304688e-03
1.519918441772460938e-02 2.558469772338867188e-03
1.519727706909179688e-02 2.570867538452148438e-03
3.309893608093261719e-02 3.510951995849609375e-03
1.666808128356933594e-02 2.682685852050781250e-03
1.524329185485839844e-02 2.504587173461914062e-03
1.526474952697753906e-02 2.573966979980468750e-03
1.513433456420898438e-02 2.512454986572265625e-03
1.576733589172363281e-02 2.661466598510742188e-03
1.587820053100585938e-02 2.667427062988281250e-03
1.519489288330078125e-02 2.524614334106445312e-03
1.517653465270996094e-02 2.531051635742187500e-03
1.506352424621582031e-02 2.497196197509765625e-03
1.507234573364257812e-02 2.549171447753906250e-03
1.500058174133300781e-02 2.523183822631835938e-03
1.508736610412597656e-02 2.490997314453125000e-03
1.522922515869140625e-02 2.539634704589843750e-03
1.515793800354003906e-02 2.514362335205078125e-03
1.503849029541015625e-02 2.543926239013671875e-03
