1.640248298645019531e-02 2.642154693603515625e-03
1.684260368347167969e-02 2.747774124145507812e-03
1.685953140258789062e-02 2.733945846557617188e-03
1.693248748779296875e-02 2.702474594116210938e-03
1.690053939819335938e-02 2.756834030151367188e-03
1.628303527832031250e-02 2.649068832397460938e-03
1.683807373046875000e-02 2.699375152587890625e-03
6.991267204284667969e-02 6.272315979003906250e-03
2.280235290527343750e-02 2.994537353515625000e-03
1.736855506896972656e-02 2.846002578735351562e-03
1.642370223999023438e-02 2.734422683715820312e-03
1.691317558288574219e-02 2.756118774414062500e-03
1.687693595886230469e-02 2.754688262939453125e-03
1.637887954711914062e-02 2.692222595214843750e-03
1.692366600036621094e-02 2.739429473876953125e-03
1.696062088012695312e-02 2.808094024658203125e-03
1.609158515930175781e-02 2.689599990844726562e-03
1.689124107360839844e-02 2.721309661865234375e-03
1.680016517639160156e-02 2.774477005004882812e-03
1.607680320739746094e-02 2.635002136230468750e-03
1.610827445983886719e-02 2.527713775634765625e-03
1.666593551635742188e-02 2.702236175537109375e-03
1.642799377441406250e-02 2.652168273925781250e-03
1.673221588134765625e-02 2.741813659667968750e-03
1.717138290405273438e-02 2.774953842163085938e-03
1.624131202697753906e-02 2.679824829101562500e-03
1.618099212646484375e-02 2.592325210571289062e-03
1.605367660522460938e-02 2.606868743896484375e-03
3.835153579711914062e-02 3.834486007690429688e-03
1.849269866943359375e-02 2.553701400756835938e-03
1.606941223144531250e-02 2.555847167968750000e-03
1.597404479980468750e-02 2.561807632446289062e-03
1.621556282043457031e-02 2.510309219360351562e-03
1.599621772766113281e-02 2.558231353759765625e-03
1.606202125549316406e-02 2.554655075073242188e-03
1.595187187194824219e-02 2.515792846679687500e-03
1.599526405334472656e-02 2.525568008422851562e-03
1.596474647521972656e-02 2.569913864135742188e-03
