1.021084785461425781e-01 1.183605194091796875e-02
1.006727218627929688e-01 1.175427436828613281e-02
9.758353233337402344e-02 1.123523712158203125e-02
1.343064308166503906e-01 1.192951202392578125e-02
1.025009155273437500e-01 1.171278953552246094e-02
1.000235080718994141e-01 1.152801513671875000e-02
9.794354438781738281e-02 1.136660575866699219e-02
9.793448448181152344e-02 1.128458976745605469e-02
1.002407073974609375e-01 1.148986816406250000e-02
9.948110580444335938e-02 1.131534576416015625e-02
9.868597984313964844e-02 1.135206222534179688e-02
9.764027595520019531e-02 1.130223274230957031e-02
9.936428070068359375e-02 1.158308982849121094e-02
9.857702255249023438e-02 1.124787330627441406e-02
9.837341308593750000e-02 1.117730140686035156e-02
9.866452217102050781e-02 1.134753227233886719e-02
9.846687316894531250e-02 1.134443283081054688e-02
9.809637069702148438e-02 1.128315925598144531e-02
9.785938262939453125e-02 1.129937171936035156e-02
9.883785247802734375e-02 1.126265525817871094e-02
9.899830818176269531e-02 1.132822036743164062e-02
9.807467460632324219e-02 1.133346557617187500e-02
9.835529327392578125e-02 1.132607460021972656e-02
1.001617908477783203e-01 1.211667060852050781e-02
1.017298698425292969e-01 1.190733909606933594e-02
1.001112461090087891e-01 1.124572753906250000e-02
9.758353233337402344e-02 1.124167442321777344e-02
9.815239906311035156e-02 1.135897636413574219e-02
1.453101634979248047e-01 1.462435722351074219e-02
9.858298301696777344e-02 1.129436492919921875e-02
9.728097915649414062e-02 1.126718521118164062e-02
9.760808944702148438e-02 1.131868362426757812e-02
9.881353378295898438e-02 1.145267486572265625e-02
9.809708595275878906e-02 1.134634017944335938e-02
9.768700599670410156e-02 1.131916046142578125e-02
9.693026542663574219e-02 1.129984855651855469e-02
9.727025032043457031e-02 1.127481460571289062e-02
9.811305999755859375e-02 1.129579544067382812e-02
9.775185585021972656e-02 1.127290725708007812e-02
9.863996505737304688e-02 1.139736175537109375e-02
9.771013259887695312e-02 1.129674911499023438e-02
9.912443161010742188e-02 1.139712333679199219e-02
9.846806526184082031e-02 1.127839088439941406e-02
1.015329360961914062e-01 1.189255714416503906e-02
1.020033359527587891e-01 1.167654991149902344e-02
9.791064262390136719e-02 1.132917404174804688e-02
9.828066825866699219e-02 1.131081581115722656e-02
9.871077537536621094e-02 1.121950149536132812e-02
9.908795356750488281e-02 1.139688491821289062e-02
9.824204444885253906e-02 1.137661933898925781e-02
9.810733795166015625e-02 1.128149032592773438e-02
9.836649894714355469e-02 1.133894920349121094e-02
9.845829010009765625e-02 1.134657859802246094e-02
9.845852851867675781e-02 1.127529144287109375e-02
9.827637672424316406e-02 1.122593879699707031e-02
9.829139709472656250e-02 1.129007339477539062e-02
9.848809242248535156e-02 1.145005226135253906e-02
9.805870056152343750e-02 1.131367683410644531e-02
9.820675849914550781e-02 1.126146316528320312e-02
9.832453727722167969e-02 1.131296157836914062e-02
9.895849227905273438e-02 1.134490966796875000e-02
9.840202331542968750e-02 1.120567321777343750e-02
9.847474098205566406e-02 1.137304306030273438e-02
9.861111640930175781e-02 1.243996620178222656e-02
1.032612323760986328e-01 1.189756393432617188e-02
1.010675430297851562e-01 1.142573356628417969e-02
9.799218177795410156e-02 1.119637489318847656e-02
9.789657592773437500e-02 1.137876510620117188e-02
9.787487983703613281e-02 1.131534576416015625e-02
9.877014160156250000e-02 1.138305664062500000e-02
9.940624237060546875e-02 1.149702072143554688e-02
9.856557846069335938e-02 1.130723953247070312e-02
9.866905212402343750e-02 1.133036613464355469e-02
9.824061393737792969e-02 1.136088371276855469e-02
9.759116172790527344e-02 1.130557060241699219e-02
9.845662117004394531e-02 1.135373115539550781e-02
9.745359420776367188e-02 1.124668121337890625e-02
9.764313697814941406e-02 1.126790046691894531e-02
9.829378128051757812e-02 1.123929023742675781e-02
9.859251976013183594e-02 1.132154464721679688e-02
9.774589538574218750e-02 1.131486892700195312e-02
9.840440750122070312e-02 1.130962371826171875e-02
9.909105300903320312e-02 1.147150993347167969e-02
9.885597229003906250e-02 1.126885414123535156e-02
1.020905971527099609e-01 1.186680793762207031e-02
1.012737751007080078e-01 1.144027709960937500e-02
9.838128089904785156e-02 1.128172874450683594e-02
9.836506843566894531e-02 1.137471199035644531e-02
9.993028640747070312e-02 1.144790649414062500e-02
9.974265098571777344e-02 1.139688491821289062e-02
9.851765632629394531e-02 1.139092445373535156e-02
9.810566902160644531e-02 1.134347915649414062e-02
9.779310226440429688e-02 1.133632659912109375e-02
9.760427474975585938e-02 1.139426231384277344e-02
9.829306602478027344e-02 1.126599311828613281e-02
9.765315055847167969e-02 1.129961013793945312e-02
9.872007369995117188e-02 1.132178306579589844e-02
9.891104698181152344e-02 1.133131980895996094e-02
9.923171997070312500e-02 1.139307022094726562e-02
9.775424003601074219e-02 1.122665405273437500e-02
