6.512522697448730469e-02 1.067209243774414062e-02
6.685304641723632812e-02 1.439738273620605469e-02
6.442880630493164062e-02 1.035308837890625000e-02
6.302976608276367188e-02 1.025176048278808594e-02
6.298351287841796875e-02 1.010560989379882812e-02
8.253717422485351562e-02 1.005077362060546875e-02
6.334090232849121094e-02 1.063275337219238281e-02
6.332349777221679688e-02 1.020097732543945312e-02
6.340956687927246094e-02 1.011991500854492188e-02
6.368732452392578125e-02 1.027965545654296875e-02
6.305432319641113281e-02 1.026630401611328125e-02
6.305193901062011719e-02 4.952383041381835938e-02
6.230711936950683594e-02 1.001644134521484375e-02
6.271910667419433594e-02 1.014399528503417969e-02
6.191039085388183594e-02 1.015996932983398438e-02
6.331682205200195312e-02 1.033258438110351562e-02
6.146407127380371094e-02 1.016712188720703125e-02
6.323075294494628906e-02 1.022553443908691406e-02
6.200408935546875000e-02 9.977102279663085938e-03
6.170630455017089844e-02 9.985923767089843750e-03
6.310915946960449219e-02 1.008462905883789062e-02
6.675624847412109375e-02 1.081252098083496094e-02
6.449961662292480469e-02 1.058602333068847656e-02
6.242918968200683594e-02 1.022338867187500000e-02
6.154584884643554688e-02 9.990692138671875000e-03
6.271982192993164062e-02 1.014113426208496094e-02
6.149888038635253906e-02 1.027894020080566406e-02
6.280207633972167969e-02 1.042175292968750000e-02
6.224513053894042969e-02 1.010560989379882812e-02
6.160879135131835938e-02 9.957790374755859375e-03
6.317138671875000000e-02 1.024198532104492188e-02
6.190514564514160156e-02 9.997367858886718750e-03
6.189632415771484375e-02 1.025080680847167969e-02
6.293678283691406250e-02 1.019740104675292969e-02
6.157588958740234375e-02 1.010632514953613281e-02
6.152009963989257812e-02 9.969711303710937500e-03
6.273412704467773438e-02 1.029801368713378906e-02
6.159400939941406250e-02 9.873390197753906250e-03
6.156039237976074219e-02 9.950876235961914062e-03
6.130003929138183594e-02 9.975671768188476562e-03
6.152081489562988281e-02 1.007437705993652344e-02
6.133484840393066406e-02 1.019215583801269531e-02
6.164026260375976562e-02 1.002979278564453125e-02
6.136369705200195312e-02 1.009297370910644531e-02
6.156492233276367188e-02 1.010274887084960938e-02
6.194424629211425781e-02 9.991645812988281250e-03
