1.380109786987304688e-02 2.582788467407226562e-03
1.435589790344238281e-02 2.663373947143554688e-03
1.431059837341308594e-02 2.671957015991210938e-03
1.439690589904785156e-02 2.655506134033203125e-03
1.371312141418457031e-02 2.524614334106445312e-03
1.375961303710937500e-02 2.536058425903320312e-03
1.401209831237792969e-02 2.570390701293945312e-03
1.396369934082031250e-02 2.538681030273437500e-03
1.347541809082031250e-02 2.517461776733398438e-03
1.434326171875000000e-02 2.619981765747070312e-03
1.434326171875000000e-02 2.736091613769531250e-03
1.434159278869628906e-02 2.665996551513671875e-03
1.443266868591308594e-02 2.615213394165039062e-03
1.360535621643066406e-02 2.500295639038085938e-03
1.325011253356933594e-02 2.490043640136718750e-03
1.408576965332031250e-02 2.593278884887695312e-03
1.327466964721679688e-02 2.489328384399414062e-03
1.345944404602050781e-02 2.479791641235351562e-03
1.378226280212402344e-02 2.587795257568359375e-03
1.361393928527832031e-02 2.821683883666992188e-03
1.436996459960937500e-02 2.710103988647460938e-03
1.464200019836425781e-02 2.742528915405273438e-03
1.363539695739746094e-02 2.680301666259765625e-03
1.427555084228515625e-02 2.633094787597656250e-03
1.400423049926757812e-02 2.619743347167968750e-03
1.406478881835937500e-02 2.630949020385742188e-03
1.404094696044921875e-02 2.602100372314453125e-03
1.407408714294433594e-02 2.609729766845703125e-03
1.408982276916503906e-02 2.613544464111328125e-03
1.414990425109863281e-02 2.619504928588867188e-03
1.408696174621582031e-02 2.650260925292968750e-03
1.368522644042968750e-02 2.544164657592773438e-03
1.366186141967773438e-02 2.489805221557617188e-03
1.363229751586914062e-02 2.475023269653320312e-03
1.350498199462890625e-02 2.471208572387695312e-03
1.388359069824218750e-02 2.481222152709960938e-03
1.378297805786132812e-02 2.543210983276367188e-03
1.389765739440917969e-02 2.556324005126953125e-03
1.367449760437011719e-02 2.553462982177734375e-03
1.365828514099121094e-02 2.452135086059570312e-03
