5.557584762573242188e-02 1.016116142272949219e-02
5.398797988891601562e-02 1.006031036376953125e-02
5.226373672485351562e-02 9.973287582397460938e-03
1.021990776062011719e-01 1.585912704467773438e-02
5.472111701965332031e-02 9.897708892822265625e-03
5.260276794433593750e-02 9.863376617431640625e-03
5.261945724487304688e-02 9.737491607666015625e-03
5.204582214355468750e-02 9.802341461181640625e-03
5.358433723449707031e-02 9.780168533325195312e-03
5.341911315917968750e-02 9.814023971557617188e-03
5.327558517456054688e-02 1.001048088073730469e-02
5.276775360107421875e-02 9.871721267700195312e-03
5.293297767639160156e-02 9.920120239257812500e-03
5.262041091918945312e-02 9.697437286376953125e-03
5.280184745788574219e-02 9.868860244750976562e-03
5.228710174560546875e-02 9.662151336669921875e-03
5.527257919311523438e-02 1.022553443908691406e-02
5.263090133666992188e-02 1.040673255920410156e-02
5.165362358093261719e-02 9.945631027221679688e-03
5.102801322937011719e-02 9.860992431640625000e-03
5.067944526672363281e-02 9.714126586914062500e-03
5.041170120239257812e-02 9.714603424072265625e-03
7.575249671936035156e-02 1.098966598510742188e-02
5.103278160095214844e-02 9.818077087402343750e-03
5.106282234191894531e-02 9.930849075317382812e-03
5.084562301635742188e-02 9.945869445800781250e-03
5.104160308837890625e-02 9.746313095092773438e-03
7.738208770751953125e-02 1.117086410522460938e-02
5.242633819580078125e-02 9.899854660034179688e-03
5.173635482788085938e-02 9.770870208740234375e-03
5.110526084899902344e-02 9.735107421875000000e-03
5.043506622314453125e-02 9.899616241455078125e-03
5.050301551818847656e-02 9.833812713623046875e-03
5.103731155395507812e-02 9.865999221801757812e-03
5.172777175903320312e-02 9.883642196655273438e-03
5.166459083557128906e-02 9.974956512451171875e-03
5.083775520324707031e-02 9.729862213134765625e-03
5.065226554870605469e-02 9.707450866699218750e-03
7.746458053588867188e-02 1.135206222534179688e-02
5.131649971008300781e-02 9.866952896118164062e-03
5.117225646972656250e-02 9.864568710327148438e-03
5.135798454284667969e-02 9.775638580322265625e-03
5.068182945251464844e-02 9.710550308227539062e-03
5.085611343383789062e-02 9.675741195678710938e-03
5.056643486022949219e-02 9.691476821899414062e-03
5.115175247192382812e-02 9.988784790039062500e-03
5.092120170593261719e-02 9.879350662231445312e-03
5.059170722961425781e-02 9.752511978149414062e-03
5.124211311340332031e-02 9.825468063354492188e-03
5.045199394226074219e-02 9.704589843750000000e-03
5.020809173583984375e-02 9.674072265625000000e-03
5.436539649963378906e-02 1.041054725646972656e-02
5.452752113342285156e-02 1.043605804443359375e-02
5.355262756347656250e-02 1.029825210571289062e-02
5.182170867919921875e-02 9.767770767211914062e-03
5.183386802673339844e-02 9.748697280883789062e-03
5.277347564697265625e-02 9.641408920288085938e-03
5.169725418090820312e-02 9.677886962890625000e-03
5.162858963012695312e-02 9.730815887451171875e-03
5.195140838623046875e-02 9.882211685180664062e-03
5.247759819030761719e-02 9.765148162841796875e-03
5.184435844421386719e-02 9.732723236083984375e-03
