1.879739761352539062e-02 2.797842025756835938e-03
1.891613006591796875e-02 2.802371978759765625e-03
1.870131492614746094e-02 2.770423889160156250e-03
1.883101463317871094e-02 2.832651138305664062e-03
1.885199546813964844e-02 2.842426300048828125e-03
1.883339881896972656e-02 2.797365188598632812e-03
1.902794837951660156e-02 2.786159515380859375e-03
1.838016510009765625e-02 2.603530883789062500e-03
1.830935478210449219e-02 2.644538879394531250e-03
1.804089546203613281e-02 2.610683441162109375e-03
1.793980598449707031e-02 2.642631530761718750e-03
1.823592185974121094e-02 2.630472183227539062e-03
3.382349014282226562e-02 3.318309783935546875e-03
1.886725425720214844e-02 2.626657485961914062e-03
1.805424690246582031e-02 2.595663070678710938e-03
1.811003684997558594e-02 2.616643905639648438e-03
3.435325622558593750e-02 3.329277038574218750e-03
1.894497871398925781e-02 2.638339996337890625e-03
1.805067062377929688e-02 2.587080001831054688e-03
1.811599731445312500e-02 2.603769302368164062e-03
1.812148094177246094e-02 2.637147903442382812e-03
1.827144622802734375e-02 2.651929855346679688e-03
1.806163787841796875e-02 2.626419067382812500e-03
1.833176612854003906e-02 2.602100372314453125e-03
1.829791069030761719e-02 2.658843994140625000e-03
1.837038993835449219e-02 2.622127532958984375e-03
