2.084231376647949219e-02 2.836942672729492188e-03
2.110338211059570312e-02 2.928256988525390625e-03
2.105379104614257812e-02 2.834320068359375000e-03
2.117562294006347656e-02 2.886533737182617188e-03
2.116370201110839844e-02 2.856254577636718750e-03
2.113795280456542969e-02 2.820014953613281250e-03
2.097296714782714844e-02 2.872943878173828125e-03
2.112603187561035156e-02 2.885341644287109375e-03
4.662609100341796875e-02 3.557682037353515625e-03
2.141666412353515625e-02 2.896070480346679688e-03
2.108097076416015625e-02 2.820014953613281250e-03
2.119946479797363281e-02 2.871036529541015625e-03
2.081012725830078125e-02 3.107786178588867188e-03
2.254676818847656250e-02 3.389358520507812500e-03
2.149677276611328125e-02 3.202438354492187500e-03
2.137994766235351562e-02 2.951860427856445312e-03
2.148723602294921875e-02 2.976894378662109375e-03
2.086329460144042969e-02 2.877235412597656250e-03
2.103114128112792969e-02 2.863407135009765625e-03
2.093195915222167969e-02 2.863645553588867188e-03
2.121019363403320312e-02 2.837657928466796875e-03
2.028107643127441406e-02 2.701759338378906250e-03
2.030897140502929688e-02 2.716302871704101562e-03
2.032947540283203125e-02 2.730369567871093750e-03
2.111124992370605469e-02 2.834081649780273438e-03
2.042341232299804688e-02 2.725839614868164062e-03
2.037715911865234375e-02 2.686738967895507812e-03
2.053260803222656250e-02 2.727508544921875000e-03
2.031254768371582031e-02 2.764463424682617188e-03
2.043652534484863281e-02 2.754926681518554688e-03
2.098512649536132812e-02 2.856254577636718750e-03
2.127885818481445312e-02 2.941131591796875000e-03
2.060580253601074219e-02 2.690792083740234375e-03
2.050137519836425781e-02 2.723932266235351562e-03
2.096199989318847656e-02 2.886772155761718750e-03
2.059864997863769531e-02 2.747058868408203125e-03
2.121543884277343750e-02 2.939701080322265625e-03
2.101254463195800781e-02 2.844333648681640625e-03
2.109336853027343750e-02 2.878665924072265625e-03
2.054524421691894531e-02 2.805233001708984375e-03
2.110457420349121094e-02 2.864122390747070312e-03
2.121782302856445312e-02 2.877712249755859375e-03
2.029156684875488281e-02 2.727985382080078125e-03
4.661107063293457031e-02 3.540039062500000000e-03
2.109169960021972656e-02 2.743244171142578125e-03
2.036666870117187500e-02 2.694845199584960938e-03
2.026462554931640625e-02 2.692222595214843750e-03
2.028822898864746094e-02 2.764225006103515625e-03
2.044272422790527344e-02 2.719879150390625000e-03
2.032613754272460938e-02 2.692222595214843750e-03
2.035856246948242188e-02 2.723693847656250000e-03
2.027726173400878906e-02 2.785205841064453125e-03
2.048802375793457031e-02 2.725839614868164062e-03
