1.515481472015380859e-01 1.819562911987304688e-02
1.369431018829345703e-01 1.253104209899902344e-02
1.351375579833984375e-01 1.245880126953125000e-02
1.367509365081787109e-01 1.252245903015136719e-02
1.365005970001220703e-01 1.255106925964355469e-02
1.364638805389404297e-01 1.248669624328613281e-02
1.366088390350341797e-01 1.244235038757324219e-02
1.364593505859375000e-01 1.245403289794921875e-02
1.366524696350097656e-01 1.276040077209472656e-02
1.353938579559326172e-01 1.251792907714843750e-02
1.347944736480712891e-01 1.250910758972167969e-02
1.561698913574218750e-01 1.288199424743652344e-02
1.355009078979492188e-01 1.251077651977539062e-02
1.364457607269287109e-01 1.258587837219238281e-02
1.387288570404052734e-01 1.296401023864746094e-02
1.384711265563964844e-01 1.282072067260742188e-02
1.342329978942871094e-01 1.257562637329101562e-02
1.343216896057128906e-01 1.263117790222167969e-02
1.347658634185791016e-01 1.253557205200195312e-02
1.343266963958740234e-01 1.247525215148925781e-02
1.336901187896728516e-01 1.244354248046875000e-02
1.353297233581542969e-01 1.241135597229003906e-02
1.342563629150390625e-01 1.230573654174804688e-02
1.339900493621826172e-01 1.225900650024414062e-02
1.342418193817138672e-01 1.249909400939941406e-02
1.342999935150146484e-01 1.259160041809082031e-02
1.341707706451416016e-01 1.253008842468261719e-02
1.343593597412109375e-01 1.244068145751953125e-02
1.347179412841796875e-01 1.251316070556640625e-02
1.349942684173583984e-01 1.354956626892089844e-02
1.392621994018554688e-01 1.300883293151855469e-02
