1.362586021423339844e-02 2.574682235717773438e-03
1.336622238159179688e-02 2.468585968017578125e-03
1.381373405456542969e-02 2.583980560302734375e-03
1.389217376708984375e-02 2.600669860839843750e-03
1.424026489257812500e-02 2.597093582153320312e-03
1.393175125122070312e-02 2.573490142822265625e-03
1.333737373352050781e-02 2.481460571289062500e-03
1.378250122070312500e-02 2.561807632446289062e-03
1.338624954223632812e-02 2.453088760375976562e-03
1.335215568542480469e-02 2.467155456542968750e-03
1.332163810729980469e-02 2.454757690429687500e-03
1.316404342651367188e-02 2.469778060913085938e-03
1.321482658386230469e-02 2.463102340698242188e-03
1.326727867126464844e-02 2.481222152709960938e-03
1.338934898376464844e-02 2.460479736328125000e-03
1.300573348999023438e-02 2.535104751586914062e-03
1.312398910522460938e-02 2.451896667480468750e-03
