1.361961364746093750e-01 1.308655738830566406e-02
1.344113349914550781e-01 1.239252090454101562e-02
1.342883110046386719e-01 1.242780685424804688e-02
1.340608596801757812e-01 1.258969306945800781e-02
1.346900463104248047e-01 1.245284080505371094e-02
1.340739727020263672e-01 1.243257522583007812e-02
1.343035697937011719e-01 1.242446899414062500e-02
1.341598033905029297e-01 1.266956329345703125e-02
1.523861885070800781e-01 1.348090171813964844e-02
1.367115974426269531e-01 1.272964477539062500e-02
1.325261592864990234e-01 1.249957084655761719e-02
1.343443393707275391e-01 1.253271102905273438e-02
1.336016654968261719e-01 1.260471343994140625e-02
1.329073905944824219e-01 1.246857643127441406e-02
1.329426765441894531e-01 1.245236396789550781e-02
1.333861351013183594e-01 1.238250732421875000e-02
1.511657238006591797e-01 1.247668266296386719e-02
1.345388889312744141e-01 1.248025894165039062e-02
1.328325271606445312e-01 1.239514350891113281e-02
1.326675415039062500e-01 1.221609115600585938e-02
1.329615116119384766e-01 1.228833198547363281e-02
1.323032379150390625e-01 1.250696182250976562e-02
1.332335472106933594e-01 1.251530647277832031e-02
1.339635848999023438e-01 1.348996162414550781e-02
1.310555934906005859e-01 1.290965080261230469e-02
1.268668174743652344e-01 1.239252090454101562e-02
1.272861957550048828e-01 1.243996620178222656e-02
1.259620189666748047e-01 1.249837875366210938e-02
1.257872581481933594e-01 1.247406005859375000e-02
1.260828971862792969e-01 1.247453689575195312e-02
1.260964870452880859e-01 1.262283325195312500e-02
1.261723041534423828e-01 1.235628128051757812e-02
1.273891925811767578e-01 1.270604133605957031e-02
1.258211135864257812e-01 1.224613189697265625e-02
1.257128715515136719e-01 1.223444938659667969e-02
1.257448196411132812e-01 1.251435279846191406e-02
1.256754398345947266e-01 1.249599456787109375e-02
1.256601810455322266e-01 1.248145103454589844e-02
1.259911060333251953e-01 1.250028610229492188e-02
1.256992816925048828e-01 1.353049278259277344e-02
1.315870285034179688e-01 1.292848587036132812e-02
1.269657611846923828e-01 1.234698295593261719e-02
