3.997778892517089844e-02 3.251075744628906250e-03
3.987097740173339844e-02 3.356695175170898438e-03
3.973340988159179688e-02 3.344297409057617188e-03
3.976058959960937500e-02 3.346443176269531250e-03
3.876209259033203125e-02 3.206729888916015625e-03
3.873705863952636719e-02 3.180027008056640625e-03
3.879380226135253906e-02 3.183364868164062500e-03
3.927063941955566406e-02 3.342390060424804688e-03
3.895568847656250000e-02 3.214359283447265625e-03
3.884172439575195312e-02 3.179788589477539062e-03
3.864908218383789062e-02 3.180027008056640625e-03
3.932571411132812500e-02 3.284454345703125000e-03
3.877162933349609375e-02 3.175258636474609375e-03
3.924918174743652344e-02 3.295898437500000000e-03
3.857684135437011719e-02 3.172874450683593750e-03
3.877186775207519531e-02 3.181934356689453125e-03
3.857779502868652344e-02 3.192901611328125000e-03
3.883171081542968750e-02 3.180980682373046875e-03
3.873348236083984375e-02 3.194808959960937500e-03
3.859806060791015625e-02 3.200292587280273438e-03
3.871440887451171875e-02 3.186464309692382812e-03
3.866076469421386719e-02 3.164768218994140625e-03
3.877019882202148438e-02 3.183126449584960938e-03
