3.691697120666503906e-02 3.239154815673828125e-03
3.710460662841796875e-02 3.276824951171875000e-03
3.674125671386718750e-02 3.246545791625976562e-03
3.683638572692871094e-02 3.248929977416992188e-03
3.702545166015625000e-02 3.288030624389648438e-03
3.611779212951660156e-02 3.119230270385742188e-03
3.643536567687988281e-02 3.092765808105468750e-03
3.591561317443847656e-02 3.074645996093750000e-03
3.606176376342773438e-02 3.138065338134765625e-03
3.621721267700195312e-02 3.122329711914062500e-03
3.611850738525390625e-02 3.049850463867187500e-03
3.589653968811035156e-02 3.091335296630859375e-03
3.593039512634277344e-02 3.092288970947265625e-03
3.619575500488281250e-02 3.175735473632812500e-03
