5.374979972839355469e-02 1.028561592102050781e-02
5.225944519042968750e-02 1.390075683593750000e-02
5.390810966491699219e-02 1.025247573852539062e-02
5.287694931030273438e-02 1.015305519104003906e-02
5.122661590576171875e-02 9.822607040405273438e-03
5.040574073791503906e-02 9.768724441528320312e-03
5.014467239379882812e-02 9.654760360717773438e-03
5.021619796752929688e-02 9.705305099487304688e-03
5.065774917602539062e-02 9.751081466674804688e-03
5.052375793457031250e-02 9.752035140991210938e-03
5.102086067199707031e-02 9.698867797851562500e-03
4.983448982238769531e-02 9.612321853637695312e-03
5.039906501770019531e-02 9.729385375976562500e-03
5.039715766906738281e-02 9.607315063476562500e-03
5.017614364624023438e-02 9.702205657958984375e-03
5.024433135986328125e-02 9.749174118041992188e-03
5.035257339477539062e-02 9.684324264526367188e-03
5.020141601562500000e-02 9.627103805541992188e-03
