3.645992279052734375e-02 3.191709518432617188e-03
3.670692443847656250e-02 3.237009048461914062e-03
3.706026077270507812e-02 3.290176391601562500e-03
3.673529624938964844e-02 3.292322158813476562e-03
3.671479225158691406e-02 3.292798995971679688e-03
3.614401817321777344e-02 3.127813339233398438e-03
3.696656227111816406e-02 3.184318542480468750e-03
3.856754302978515625e-02 3.445386886596679688e-03
3.714919090270996094e-02 3.372669219970703125e-03
3.749251365661621094e-02 3.313541412353515625e-03
3.656554222106933594e-02 3.137111663818359375e-03
3.671526908874511719e-02 3.227472305297851562e-03
3.664112091064453125e-02 3.218412399291992188e-03
3.657722473144531250e-02 3.234148025512695312e-03
3.669786453247070312e-02 3.221750259399414062e-03
3.761315345764160156e-02 3.313302993774414062e-03
3.622913360595703125e-02 3.144025802612304688e-03
3.703689575195312500e-02 3.270864486694335938e-03
3.644871711730957031e-02 3.190279006958007812e-03
3.690552711486816406e-02 3.258943557739257812e-03
3.665947914123535156e-02 3.235578536987304688e-03
3.671121597290039062e-02 3.176689147949218750e-03
3.579688072204589844e-02 3.045320510864257812e-03
3.594994544982910156e-02 3.170967102050781250e-03
3.551530838012695312e-02 3.036499023437500000e-03
3.562426567077636719e-02 3.115177154541015625e-03
3.582620620727539062e-02 3.141880035400390625e-03
3.589248657226562500e-02 3.086566925048828125e-03
3.695774078369140625e-02 3.267526626586914062e-03
3.624844551086425781e-02 3.184795379638671875e-03
3.672719001770019531e-02 3.188610076904296875e-03
3.630924224853515625e-02 3.195524215698242188e-03
3.625297546386718750e-02 3.078937530517578125e-03
3.690004348754882812e-02 3.233432769775390625e-03
3.561401367187500000e-02 3.137111663818359375e-03
3.583621978759765625e-02 3.135204315185546875e-03
3.600358963012695312e-02 3.063678741455078125e-03
3.575801849365234375e-02 3.166198730468750000e-03
3.611278533935546875e-02 3.089904785156250000e-03
3.574013710021972656e-02 3.127098083496093750e-03
3.606081008911132812e-02 3.031969070434570312e-03
3.570818901062011719e-02 3.062009811401367188e-03
3.570532798767089844e-02 3.131151199340820312e-03
