2.623724937438964844e-02 2.882242202758789062e-03
2.577638626098632812e-02 2.786397933959960938e-03
2.611613273620605469e-02 2.861976623535156250e-03
2.599644660949707031e-02 2.856254577636718750e-03
2.628207206726074219e-02 2.861976623535156250e-03
2.539062500000000000e-02 2.823114395141601562e-03
1.501526832580566406e-01 1.318693161010742188e-02
4.116654396057128906e-02 3.385782241821289062e-03
2.924537658691406250e-02 3.241539001464843750e-03
2.692103385925292969e-02 2.917766571044921875e-03
2.560091018676757812e-02 2.766609191894531250e-03
2.644562721252441406e-02 2.880811691284179688e-03
2.684903144836425781e-02 3.214597702026367188e-03
2.736306190490722656e-02 3.054618835449218750e-03
2.650761604309082031e-02 2.966880798339843750e-03
2.641606330871582031e-02 2.955913543701171875e-03
2.649140357971191406e-02 2.970695495605468750e-03
2.602982521057128906e-02 2.872943878173828125e-03
2.550673484802246094e-02 2.838850021362304688e-03
2.576637268066406250e-02 2.898693084716796875e-03
2.598857879638671875e-02 2.979755401611328125e-03
2.670693397521972656e-02 2.962827682495117188e-03
2.582812309265136719e-02 2.835988998413085938e-03
2.613854408264160156e-02 2.857923507690429688e-03
2.620673179626464844e-02 2.906799316406250000e-03
2.551484107971191406e-02 2.844333648681640625e-03
2.611756324768066406e-02 2.772092819213867188e-03
2.561950683593750000e-02 2.805948257446289062e-03
2.565646171569824219e-02 2.915859222412109375e-03
2.670025825500488281e-02 3.061294555664062500e-03
2.650904655456542969e-02 2.803564071655273438e-03
2.643942832946777344e-02 2.844810485839843750e-03
