2.076935768127441406e-02 2.836704254150390625e-03
2.119612693786621094e-02 2.925872802734375000e-03
2.124309539794921875e-02 2.929449081420898438e-03
2.123785018920898438e-02 2.933263778686523438e-03
2.124786376953125000e-02 2.936601638793945312e-03
2.044725418090820312e-02 2.711772918701171875e-03
2.094554901123046875e-02 2.933263778686523438e-03
2.030682563781738281e-02 2.714157104492187500e-03
2.037644386291503906e-02 2.683639526367187500e-03
2.029228210449218750e-02 2.691268920898437500e-03
2.098989486694335938e-02 2.784252166748046875e-03
3.941369056701660156e-02 3.378868103027343750e-03
2.091765403747558594e-02 2.683639526367187500e-03
2.023077011108398438e-02 2.780437469482421875e-03
2.033853530883789062e-02 2.730607986450195312e-03
2.027821540832519531e-02 2.692461013793945312e-03
2.106976509094238281e-02 2.812147140502929688e-03
2.024006843566894531e-02 2.722978591918945312e-03
2.020072937011718750e-02 2.698898315429687500e-03
2.015924453735351562e-02 2.769947052001953125e-03
2.028965950012207031e-02 2.738475799560546875e-03
2.022123336791992188e-02 2.703428268432617188e-03
2.034997940063476562e-02 2.718210220336914062e-03
2.018165588378906250e-02 2.719879150390625000e-03
2.030754089355468750e-02 2.686738967895507812e-03
2.038455009460449219e-02 2.713441848754882812e-03
