2.068352699279785156e-02 2.789974212646484375e-03
2.038359642028808594e-02 2.820491790771484375e-03
2.067875862121582031e-02 2.889156341552734375e-03
1.972794532775878906e-02 2.745389938354492188e-03
1.998186111450195312e-02 2.705812454223632812e-03
1.997423171997070312e-02 2.758026123046875000e-03
2.005171775817871094e-02 2.700567245483398438e-03
2.057790756225585938e-02 2.815246582031250000e-03
2.040672302246093750e-02 2.829074859619140625e-03
2.077555656433105469e-02 2.829313278198242188e-03
2.066469192504882812e-02 2.809047698974609375e-03
2.053356170654296875e-02 2.850532531738281250e-03
2.071070671081542969e-02 2.859592437744140625e-03
2.003479003906250000e-02 2.717256546020507812e-03
1.992225646972656250e-02 2.761840820312500000e-03
2.045822143554687500e-02 2.864360809326171875e-03
2.007627487182617188e-02 2.698183059692382812e-03
1.995682716369628906e-02 2.754211425781250000e-03
1.999926567077636719e-02 2.696514129638671875e-03
2.004623413085937500e-02 2.698898315429687500e-03
1.997137069702148438e-02 2.709150314331054688e-03
1.997303962707519531e-02 2.713680267333984375e-03
2.004957199096679688e-02 2.705574035644531250e-03
1.996755599975585938e-02 2.714395523071289062e-03
1.980757713317871094e-02 2.701282501220703125e-03
