6.699156761169433594e-02 1.083827018737792969e-02
6.653022766113281250e-02 1.077890396118164062e-02
6.595540046691894531e-02 1.028990745544433594e-02
6.575918197631835938e-02 1.034641265869140625e-02
6.473946571350097656e-02 1.012635231018066406e-02
6.606340408325195312e-02 1.050806045532226562e-02
6.487846374511718750e-02 1.032543182373046875e-02
6.474781036376953125e-02 1.018929481506347656e-02
6.466412544250488281e-02 1.025342941284179688e-02
6.497144699096679688e-02 1.026725769042968750e-02
6.469392776489257812e-02 1.018357276916503906e-02
6.458830833435058594e-02 1.024627685546875000e-02
6.475782394409179688e-02 1.021409034729003906e-02
6.462168693542480469e-02 1.022887229919433594e-02
6.458854675292968750e-02 1.019501686096191406e-02
8.279418945312500000e-02 1.037192344665527344e-02
6.471467018127441406e-02 1.018214225769042969e-02
6.466603279113769531e-02 1.024866104125976562e-02
6.462335586547851562e-02 1.027607917785644531e-02
6.461334228515625000e-02 1.049757003784179688e-02
6.486105918884277344e-02 1.027321815490722656e-02
6.471800804138183594e-02 1.035594940185546875e-02
6.460857391357421875e-02 1.030898094177246094e-02
6.460356712341308594e-02 1.025891304016113281e-02
6.471395492553710938e-02 1.019215583801269531e-02
6.957626342773437500e-02 1.101064682006835938e-02
6.715059280395507812e-02 1.078891754150390625e-02
6.471037864685058594e-02 1.019477844238281250e-02
6.459736824035644531e-02 1.028752326965332031e-02
6.465387344360351562e-02 1.022124290466308594e-02
6.459736824035644531e-02 1.019716262817382812e-02
6.465649604797363281e-02 1.026797294616699219e-02
6.461763381958007812e-02 1.026463508605957031e-02
6.488442420959472656e-02 1.024413108825683594e-02
6.469869613647460938e-02 1.033139228820800781e-02
