1.884508132934570312e-02 2.784013748168945312e-03
1.904916763305664062e-02 2.810478210449218750e-03
1.900553703308105469e-02 2.835035324096679688e-03
1.832008361816406250e-02 2.661705017089843750e-03
1.830554008483886719e-02 2.678632736206054688e-03
1.834082603454589844e-02 2.605676651000976562e-03
1.813769340515136719e-02 2.606153488159179688e-03
1.824641227722167969e-02 2.670764923095703125e-03
1.817154884338378906e-02 2.632379531860351562e-03
1.811385154724121094e-02 2.603530883789062500e-03
1.892852783203125000e-02 2.696514129638671875e-03
1.832723617553710938e-02 2.685785293579101562e-03
1.838064193725585938e-02 2.646446228027343750e-03
1.816248893737792969e-02 2.642869949340820312e-03
1.833915710449218750e-02 2.602338790893554688e-03
2.039575576782226562e-02 2.995729446411132812e-03
1.905393600463867188e-02 2.883911132812500000e-03
1.859664916992187500e-02 2.706289291381835938e-03
1.897883415222167969e-02 2.778053283691406250e-03
1.889729499816894531e-02 2.788782119750976562e-03
