1.431756019592285156e-01 1.311492919921875000e-02
1.364891529083251953e-01 1.257491111755371094e-02
1.338565349578857422e-01 1.259636878967285156e-02
1.341149806976318359e-01 1.263284683227539062e-02
1.338939666748046875e-01 1.266169548034667969e-02
1.335399150848388672e-01 1.237273216247558594e-02
1.330370903015136719e-01 1.230978965759277344e-02
1.340649127960205078e-01 1.383280754089355469e-02
1.390414237976074219e-01 1.304149627685546875e-02
1.352663040161132812e-01 1.261949539184570312e-02
1.338317394256591797e-01 1.238131523132324219e-02
1.340043544769287109e-01 1.266860961914062500e-02
1.334815025329589844e-01 1.245141029357910156e-02
1.339011192321777344e-01 1.234102249145507812e-02
