1.663684844970703125e-02 2.675533294677734375e-03
1.640653610229492188e-02 2.631425857543945312e-03
1.692748069763183594e-02 2.738714218139648438e-03
1.700472831726074219e-02 2.700090408325195312e-03
1.685166358947753906e-02 2.734422683715820312e-03
1.623058319091796875e-02 2.635240554809570312e-03
1.623249053955078125e-02 2.541303634643554688e-03
1.602244377136230469e-02 2.544879913330078125e-03
1.608943939208984375e-02 2.592325210571289062e-03
1.630163192749023438e-02 2.549886703491210938e-03
1.630830764770507812e-02 2.525091171264648438e-03
1.645755767822265625e-02 2.675294876098632812e-03
1.615500450134277344e-02 2.547979354858398438e-03
1.637601852416992188e-02 2.514123916625976562e-03
1.683521270751953125e-02 2.702713012695312500e-03
1.610445976257324219e-02 2.591609954833984375e-03
1.638221740722656250e-02 2.602338790893554688e-03
1.610398292541503906e-02 2.540111541748046875e-03
1.629543304443359375e-02 2.543926239013671875e-03
1.626729965209960938e-02 2.588510513305664062e-03
1.609897613525390625e-02 2.549171447753906250e-03
1.613402366638183594e-02 2.600193023681640625e-03
1.626062393188476562e-02 2.592802047729492188e-03
1.617717742919921875e-02 2.570867538452148438e-03
