3.085446357727050781e-02 2.984523773193359375e-03
1.182649135589599609e-01 7.321119308471679688e-03
4.767680168151855469e-02 4.383802413940429688e-03
4.194378852844238281e-02 3.991365432739257812e-03
3.788113594055175781e-02 3.778219223022460938e-03
3.780150413513183594e-02 3.747701644897460938e-03
3.789758682250976562e-02 3.754615783691406250e-03
3.780007362365722656e-02 3.763675689697265625e-03
3.786659240722656250e-02 3.692626953125000000e-03
3.447842597961425781e-02 3.433942794799804688e-03
3.447890281677246094e-02 3.423690795898437500e-03
8.144712448120117188e-02 6.799459457397460938e-03
4.016065597534179688e-02 3.697156906127929688e-03
3.458142280578613281e-02 3.418445587158203125e-03
1.093239784240722656e-01 8.530139923095703125e-03
4.857850074768066406e-02 4.673480987548828125e-03
4.168248176574707031e-02 4.124402999877929688e-03
3.786706924438476562e-02 3.776073455810546875e-03
3.778147697448730469e-02 3.762960433959960938e-03
3.774738311767578125e-02 3.721237182617187500e-03
3.156661987304687500e-02 2.918243408203125000e-03
3.130125999450683594e-02 3.015518188476562500e-03
3.053903579711914062e-02 2.944469451904296875e-03
3.068423271179199219e-02 2.925157546997070312e-03
3.043532371520996094e-02 2.937316894531250000e-03
3.040599822998046875e-02 2.923250198364257812e-03
3.057479858398437500e-02 2.912998199462890625e-03
3.129386901855468750e-02 3.221035003662109375e-03
3.267955780029296875e-02 3.175973892211914062e-03
3.175115585327148438e-02 3.108024597167968750e-03
3.127789497375488281e-02 3.046512603759765625e-03
