1.668882369995117188e-02 2.753019332885742188e-03
1.690864562988281250e-02 2.715349197387695312e-03
5.226373672485351562e-02 5.180358886718750000e-03
2.149868011474609375e-02 3.317117691040039062e-03
1.852369308471679688e-02 3.037691116333007812e-03
1.736664772033691406e-02 2.872467041015625000e-03
1.732397079467773438e-02 2.874851226806640625e-03
1.737165451049804688e-02 2.873897552490234375e-03
1.628065109252929688e-02 2.505779266357421875e-03
1.681208610534667969e-02 2.808094024658203125e-03
1.612019538879394531e-02 2.580404281616210938e-03
1.767873764038085938e-02 2.929687500000000000e-03
1.673889160156250000e-02 2.840757369995117188e-03
1.582717895507812500e-02 2.895832061767578125e-03
1.587939262390136719e-02 2.701759338378906250e-03
1.550769805908203125e-02 2.689838409423828125e-03
1.570034027099609375e-02 2.686262130737304688e-03
1.571440696716308594e-02 2.682924270629882812e-03
1.569581031799316406e-02 2.700328826904296875e-03
1.569485664367675781e-02 2.695322036743164062e-03
1.568889617919921875e-02 2.705097198486328125e-03
1.521849632263183594e-02 2.500057220458984375e-03
1.507878303527832031e-02 2.516269683837890625e-03
1.505827903747558594e-02 2.509355545043945312e-03
