3.227090835571289062e-02 3.055810928344726562e-03
3.237533569335937500e-02 3.140449523925781250e-03
3.241562843322753906e-02 3.124237060546875000e-03
3.259611129760742188e-02 3.084897994995117188e-03
3.247880935668945312e-02 3.120422363281250000e-03
3.246688842773437500e-02 3.131389617919921875e-03
3.166437149047851562e-02 2.994537353515625000e-03
3.163337707519531250e-02 3.014564514160156250e-03
3.268408775329589844e-02 3.117799758911132812e-03
8.056950569152832031e-02 3.332853317260742188e-03
3.297758102416992188e-02 3.180503845214843750e-03
3.143000602722167969e-02 3.127813339233398438e-03
3.128647804260253906e-02 3.062009811401367188e-03
3.147172927856445312e-02 3.082752227783203125e-03
3.118681907653808594e-02 3.028154373168945312e-03
3.178501129150390625e-02 3.119230270385742188e-03
3.090023994445800781e-02 2.972126007080078125e-03
3.041338920593261719e-02 2.911806106567382812e-03
3.038954734802246094e-02 2.923965454101562500e-03
3.041219711303710938e-02 2.923011779785156250e-03
3.039574623107910156e-02 2.924203872680664062e-03
3.043508529663085938e-02 2.919673919677734375e-03
3.039693832397460938e-02 2.930641174316406250e-03
3.047752380371093750e-02 2.924680709838867188e-03
3.048038482666015625e-02 2.912044525146484375e-03
