6.491041183471679688e-02 1.473164558410644531e-02
6.756019592285156250e-02 1.452565193176269531e-02
6.242179870605468750e-02 1.013922691345214844e-02
5.996417999267578125e-02 1.010465621948242188e-02
6.142449378967285156e-02 1.011204719543457031e-02
6.093049049377441406e-02 1.012468338012695312e-02
6.021642684936523438e-02 1.026892662048339844e-02
6.047129631042480469e-02 1.013040542602539062e-02
6.121468544006347656e-02 1.042008399963378906e-02
6.002306938171386719e-02 1.013827323913574219e-02
6.035351753234863281e-02 1.017618179321289062e-02
5.986881256103515625e-02 1.002025604248046875e-02
6.016564369201660156e-02 9.987354278564453125e-03
6.018161773681640625e-02 9.943723678588867188e-03
6.019234657287597656e-02 9.947776794433593750e-03
6.008839607238769531e-02 1.012253761291503906e-02
6.011629104614257812e-02 1.012158393859863281e-02
6.003999710083007812e-02 1.017427444458007812e-02
