5.696606636047363281e-02 1.387166976928710938e-02
5.469417572021484375e-02 1.019144058227539062e-02
5.242538452148437500e-02 9.819507598876953125e-03
5.169820785522460938e-02 9.865522384643554688e-03
5.266833305358886719e-02 1.000738143920898438e-02
5.163621902465820312e-02 9.961128234863281250e-03
5.112433433532714844e-02 9.962558746337890625e-03
5.050945281982421875e-02 9.864330291748046875e-03
5.171751976013183594e-02 9.922742843627929688e-03
5.101442337036132812e-02 9.761095046997070312e-03
5.159521102905273438e-02 9.800672531127929688e-03
5.207443237304687500e-02 9.847164154052734375e-03
5.076789855957031250e-02 9.816646575927734375e-03
5.106973648071289062e-02 9.798288345336914062e-03
5.115270614624023438e-02 9.887933731079101562e-03
7.359266281127929688e-02 1.078653335571289062e-02
5.437064170837402344e-02 1.038813591003417969e-02
5.303525924682617188e-02 1.014900207519531250e-02
5.198335647583007812e-02 9.898662567138671875e-03
5.139112472534179688e-02 9.718418121337890625e-03
5.132102966308593750e-02 9.687900543212890625e-03
5.111074447631835938e-02 9.773731231689453125e-03
5.091476440429687500e-02 9.703636169433593750e-03
5.101752281188964844e-02 9.855985641479492188e-03
5.080819129943847656e-02 9.845495223999023438e-03
