1.587119102478027344e-01 1.368784904479980469e-02
2.029247283935546875e-01 1.338696479797363281e-02
1.718492507934570312e-01 1.327967643737792969e-02
1.529912948608398438e-01 1.312422752380371094e-02
1.532580852508544922e-01 1.336503028869628906e-02
1.518774032592773438e-01 1.308107376098632812e-02
1.518125534057617188e-01 1.307129859924316406e-02
1.530742645263671875e-01 1.335811614990234375e-02
1.533346176147460938e-01 1.325511932373046875e-02
1.532232761383056641e-01 1.335954666137695312e-02
1.520600318908691406e-01 1.302361488342285156e-02
1.519978046417236328e-01 1.298856735229492188e-02
1.518473625183105469e-01 1.311707496643066406e-02
1.517474651336669922e-01 1.304173469543457031e-02
1.575689315795898438e-01 1.376152038574218750e-02
1.536569595336914062e-01 1.307845115661621094e-02
1.518862247467041016e-01 1.304483413696289062e-02
1.519644260406494141e-01 1.306080818176269531e-02
1.519262790679931641e-01 1.306366920471191406e-02
1.720104217529296875e-01 1.328635215759277344e-02
1.515872478485107422e-01 1.300287246704101562e-02
1.520657539367675781e-01 1.304149627685546875e-02
1.521310806274414062e-01 1.309275627136230469e-02
1.519875526428222656e-01 1.300072669982910156e-02
1.515233516693115234e-01 1.313543319702148438e-02
1.520998477935791016e-01 1.309800148010253906e-02
1.517014503479003906e-01 1.309609413146972656e-02
1.546857357025146484e-01 1.418304443359375000e-02
1.556231975555419922e-01 1.331520080566406250e-02
