1.274497509002685547e-01 1.633596420288085938e-02
1.239924430847167969e-01 1.186323165893554688e-02
1.206238269805908203e-01 1.221060752868652344e-02
1.205492019653320312e-01 1.212811470031738281e-02
1.206696033477783203e-01 1.206541061401367188e-02
1.205818653106689453e-01 1.206970214843750000e-02
1.192102432250976562e-01 1.197838783264160156e-02
1.193964481353759766e-01 1.208806037902832031e-02
1.191027164459228516e-01 1.200747489929199219e-02
1.190867424011230469e-01 1.194787025451660156e-02
1.581346988677978516e-01 1.372265815734863281e-02
1.242532730102539062e-01 1.229453086853027344e-02
1.208806037902832031e-01 1.188516616821289062e-02
1.193401813507080078e-01 1.201772689819335938e-02
1.199507713317871094e-01 1.197528839111328125e-02
1.205461025238037109e-01 1.198673248291015625e-02
1.211855411529541016e-01 1.203131675720214844e-02
1.200585365295410156e-01 1.185774803161621094e-02
1.209692955017089844e-01 1.182460784912109375e-02
1.202447414398193359e-01 1.202321052551269531e-02
1.203353404998779297e-01 1.194095611572265625e-02
1.203582286834716797e-01 1.189112663269042969e-02
1.202929019927978516e-01 1.189374923706054688e-02
1.201565265655517578e-01 1.185154914855957031e-02
1.200995445251464844e-01 1.185107231140136719e-02
1.201612949371337891e-01 1.204514503479003906e-02
