6.537890434265136719e-02 1.081752777099609375e-02
6.412625312805175781e-02 1.062154769897460938e-02
6.301927566528320312e-02 1.011300086975097656e-02
6.025171279907226562e-02 9.918928146362304688e-03
6.034731864929199219e-02 1.002478599548339844e-02
6.031680107116699219e-02 9.961366653442382812e-03
6.044268608093261719e-02 1.037073135375976562e-02
6.177639961242675781e-02 1.019573211669921875e-02
6.034517288208007812e-02 1.021790504455566406e-02
6.022763252258300781e-02 1.003885269165039062e-02
6.017088890075683594e-02 9.963512420654296875e-03
6.033229827880859375e-02 9.979963302612304688e-03
6.019425392150878906e-02 1.014041900634765625e-02
6.051039695739746094e-02 1.011943817138671875e-02
6.009745597839355469e-02 1.009821891784667969e-02
6.014823913574218750e-02 1.002216339111328125e-02
