1.063263416290283203e-01 1.583361625671386719e-02
1.032125949859619141e-01 1.182913780212402344e-02
1.000173091888427734e-01 1.138520240783691406e-02
9.926271438598632812e-02 1.129913330078125000e-02
1.007723808288574219e-01 1.144957542419433594e-02
9.937310218811035156e-02 1.145482063293457031e-02
9.907102584838867188e-02 1.142191886901855469e-02
9.915876388549804688e-02 1.135134696960449219e-02
9.916472434997558594e-02 1.136875152587890625e-02
9.898734092712402344e-02 1.142477989196777344e-02
9.904289245605468750e-02 1.136231422424316406e-02
9.911990165710449219e-02 1.139807701110839844e-02
9.941935539245605469e-02 1.140093803405761719e-02
9.916853904724121094e-02 1.135730743408203125e-02
9.984731674194335938e-02 1.144933700561523438e-02
9.930968284606933594e-02 1.131439208984375000e-02
4.599192142486572266e-01 1.254415512084960938e-02
1.038520336151123047e-01 1.215720176696777344e-02
1.023082733154296875e-01 1.164269447326660156e-02
9.946489334106445312e-02 1.138186454772949219e-02
9.931087493896484375e-02 1.137471199035644531e-02
9.956336021423339844e-02 1.136374473571777344e-02
9.925985336303710938e-02 1.135587692260742188e-02
9.882283210754394531e-02 1.134228706359863281e-02
9.922170639038085938e-02 1.131415367126464844e-02
9.928822517395019531e-02 1.137018203735351562e-02
1.016831398010253906e-01 1.148033142089843750e-02
9.936285018920898438e-02 1.140284538269042969e-02
1.002097129821777344e-01 1.146483421325683594e-02
9.978270530700683594e-02 1.130938529968261719e-02
1.001954078674316406e-01 1.144742965698242188e-02
9.889125823974609375e-02 1.133775711059570312e-02
9.954428672790527344e-02 1.142358779907226562e-02
9.942150115966796875e-02 1.133823394775390625e-02
9.881377220153808594e-02 1.131224632263183594e-02
9.914684295654296875e-02 1.133751869201660156e-02
