2.131342887878417969e-02 3.107786178588867188e-03
2.131867408752441406e-02 2.964258193969726562e-03
2.087092399597167969e-02 2.822399139404296875e-03
2.107524871826171875e-02 2.886533737182617188e-03
2.115631103515625000e-02 2.921104431152343750e-03
2.192711830139160156e-02 2.958059310913085938e-03
2.183818817138671875e-02 2.951860427856445312e-03
8.112406730651855469e-02 5.572557449340820312e-03
2.570295333862304688e-02 2.880096435546875000e-03
2.166914939880371094e-02 2.910375595092773438e-03
2.160859107971191406e-02 2.860784530639648438e-03
2.138519287109375000e-02 2.860546112060546875e-03
2.140164375305175781e-02 2.869606018066406250e-03
2.078485488891601562e-02 2.816200256347656250e-03
2.139592170715332031e-02 2.847909927368164062e-03
2.128839492797851562e-02 2.885103225708007812e-03
2.145123481750488281e-02 2.875328063964843750e-03
2.165460586547851562e-02 2.919435501098632812e-03
2.147841453552246094e-02 2.881765365600585938e-03
2.152609825134277344e-02 2.869844436645507812e-03
2.153325080871582031e-02 2.874374389648437500e-03
2.159667015075683594e-02 2.905130386352539062e-03
2.136945724487304688e-02 2.882480621337890625e-03
2.158308029174804688e-02 2.916812896728515625e-03
2.159714698791503906e-02 2.929687500000000000e-03
2.156424522399902344e-02 2.926111221313476562e-03
2.141213417053222656e-02 2.843856811523437500e-03
2.151894569396972656e-02 2.881288528442382812e-03
2.147698402404785156e-02 2.894878387451171875e-03
2.157759666442871094e-02 2.945661544799804688e-03
2.145528793334960938e-02 2.872943878173828125e-03
2.142429351806640625e-02 2.856731414794921875e-03
2.141141891479492188e-02 2.917766571044921875e-03
2.138042449951171875e-02 2.923011779785156250e-03
2.151370048522949219e-02 2.873897552490234375e-03
2.135539054870605469e-02 2.913951873779296875e-03
2.155327796936035156e-02 2.876281738281250000e-03
2.152276039123535156e-02 2.885818481445312500e-03
2.141332626342773438e-02 2.851486206054687500e-03
2.154302597045898438e-02 2.927780151367187500e-03
2.156281471252441406e-02 2.913951873779296875e-03
2.155160903930664062e-02 2.922534942626953125e-03
2.140283584594726562e-02 2.890825271606445312e-03
2.069401741027832031e-02 2.718210220336914062e-03
2.140450477600097656e-02 2.877712249755859375e-03
2.151536941528320312e-02 2.908468246459960938e-03
2.146124839782714844e-02 2.868890762329101562e-03
2.081561088562011719e-02 2.685546875000000000e-03
2.138352394104003906e-02 2.884387969970703125e-03
2.068662643432617188e-02 2.687931060791015625e-03
2.161908149719238281e-02 2.905368804931640625e-03
2.148556709289550781e-02 2.869129180908203125e-03
2.077412605285644531e-02 2.683162689208984375e-03
2.159643173217773438e-02 2.797842025756835938e-03
2.147674560546875000e-02 2.920627593994140625e-03
2.150440216064453125e-02 2.939462661743164062e-03
2.058601379394531250e-02 2.673625946044921875e-03
2.050113677978515625e-02 2.697229385375976562e-03
2.050113677978515625e-02 2.755403518676757812e-03
2.040958404541015625e-02 2.685546875000000000e-03
2.049922943115234375e-02 2.769470214843750000e-03
2.042031288146972656e-02 2.703666687011718750e-03
2.055978775024414062e-02 2.795219421386718750e-03
2.084016799926757812e-02 2.718925476074218750e-03
2.047491073608398438e-02 2.723455429077148438e-03
