4.084873199462890625e-02 3.351211547851562500e-03
4.079914093017578125e-02 3.416776657104492188e-03
4.056191444396972656e-02 3.329992294311523438e-03
4.060769081115722656e-02 3.360748291015625000e-03
4.074311256408691406e-02 3.369808197021484375e-03
4.061865806579589844e-02 3.368616104125976562e-03
4.117727279663085938e-02 3.453969955444335938e-03
4.021859169006347656e-02 3.257513046264648438e-03
3.968477249145507812e-02 3.278732299804687500e-03
3.982949256896972656e-02 3.209114074707031250e-03
3.948640823364257812e-02 3.222465515136718750e-03
3.997492790222167969e-02 3.209114074707031250e-03
3.975749015808105469e-02 3.175497055053710938e-03
3.995418548583984375e-02 3.215551376342773438e-03
3.980946540832519531e-02 3.206014633178710938e-03
3.996825218200683594e-02 3.208160400390625000e-03
