1.592574119567871094e-01 1.348590850830078125e-02
1.527707576751708984e-01 1.354861259460449219e-02
1.538689136505126953e-01 1.297426223754882812e-02
1.539967060089111328e-01 1.298379898071289062e-02
1.539285182952880859e-01 1.307749748229980469e-02
1.523046493530273438e-01 1.291656494140625000e-02
1.528654098510742188e-01 1.295208930969238281e-02
1.524121761322021484e-01 1.281714439392089844e-02
1.878263950347900391e-01 1.341080665588378906e-02
1.725833415985107422e-01 1.319432258605957031e-02
1.522138118743896484e-01 1.285672187805175781e-02
1.604337692260742188e-01 1.340675354003906250e-02
1.528058052062988281e-01 1.295685768127441406e-02
1.519174575805664062e-01 1.293253898620605469e-02
1.528830528259277344e-01 1.296496391296386719e-02
1.535964012145996094e-01 1.294302940368652344e-02
1.525366306304931641e-01 1.290273666381835938e-02
1.521193981170654297e-01 1.311111450195312500e-02
1.531510353088378906e-01 1.302075386047363281e-02
1.520252227783203125e-01 1.300621032714843750e-02
1.520860195159912109e-01 1.282501220703125000e-02
1.518127918243408203e-01 1.288294792175292969e-02
1.525075435638427734e-01 1.329565048217773438e-02
1.531076431274414062e-01 1.307559013366699219e-02
1.561787128448486328e-01 1.346421241760253906e-02
1.556041240692138672e-01 1.324033737182617188e-02
1.520266532897949219e-01 1.287078857421875000e-02
1.517755985260009766e-01 1.280760765075683594e-02
1.526987552642822266e-01 1.285266876220703125e-02
1.519465446472167969e-01 1.293110847473144531e-02
1.520302295684814453e-01 1.292014122009277344e-02
1.518011093139648438e-01 1.281738281250000000e-02
1.521046161651611328e-01 1.277065277099609375e-02
1.521878242492675781e-01 1.291942596435546875e-02
1.527714729309082031e-01 1.284718513488769531e-02
