1.084210872650146484e-01 1.574563980102539062e-02
1.050384044647216797e-01 1.140165328979492188e-02
1.012787818908691406e-01 1.141071319580078125e-02
1.001281738281250000e-01 1.141285896301269531e-02
1.835141181945800781e-01 1.831150054931640625e-02
1.006655693054199219e-01 1.147246360778808594e-02
1.006157398223876953e-01 1.167011260986328125e-02
1.616227626800537109e-01 1.594352722167968750e-02
1.017510890960693359e-01 1.159858703613281250e-02
1.008634567260742188e-01 1.152539253234863281e-02
9.990334510803222656e-02 1.133775711059570312e-02
9.953212738037109375e-02 1.132941246032714844e-02
1.016519069671630859e-01 1.139736175537109375e-02
9.953618049621582031e-02 1.140022277832031250e-02
9.989428520202636719e-02 1.154780387878417969e-02
9.948730468750000000e-02 1.151227951049804688e-02
9.939217567443847656e-02 1.154828071594238281e-02
1.044313907623291016e-01 1.194596290588378906e-02
1.037895679473876953e-01 1.158547401428222656e-02
9.960699081420898438e-02 1.138305664062500000e-02
1.000349521636962891e-01 1.128578186035156250e-02
1.001195907592773438e-01 1.134800910949707031e-02
9.961009025573730469e-02 1.149439811706542969e-02
1.001234054565429688e-01 1.156425476074218750e-02
9.997510910034179688e-02 1.150727272033691406e-02
9.993004798889160156e-02 1.140165328979492188e-02
1.006071567535400391e-01 1.138710975646972656e-02
1.000089645385742188e-01 1.133251190185546875e-02
