6.710457801818847656e-02 1.417136192321777344e-02
6.661486625671386719e-02 1.406621932983398438e-02
6.311917304992675781e-02 1.060247421264648438e-02
6.386494636535644531e-02 1.075029373168945312e-02
6.203126907348632812e-02 1.014447212219238281e-02
6.284856796264648438e-02 1.017951965332031250e-02
6.147909164428710938e-02 1.086139678955078125e-02
6.574845314025878906e-02 1.063132286071777344e-02
6.332039833068847656e-02 1.029396057128906250e-02
6.154656410217285156e-02 1.011371612548828125e-02
6.154990196228027344e-02 9.981393814086914062e-03
6.040024757385253906e-02 1.013326644897460938e-02
6.031894683837890625e-02 1.018190383911132812e-02
6.074094772338867188e-02 1.017212867736816406e-02
6.039953231811523438e-02 1.008343696594238281e-02
6.041789054870605469e-02 1.000022888183593750e-02
6.030368804931640625e-02 9.951114654541015625e-03
6.058716773986816406e-02 1.006340980529785156e-02
6.045436859130859375e-02 1.003670692443847656e-02
6.042385101318359375e-02 9.947299957275390625e-03
6.029343605041503906e-02 1.023745536804199219e-02
