5.077028274536132812e-02 3.229856491088867188e-03
3.634881973266601562e-02 3.236055374145507812e-03
3.653097152709960938e-02 3.280878067016601562e-03
3.655791282653808594e-02 3.231525421142578125e-03
3.645086288452148438e-02 3.245115280151367188e-03
3.660988807678222656e-02 3.261804580688476562e-03
3.610587120056152344e-02 3.192186355590820312e-03
3.530335426330566406e-02 3.059148788452148438e-03
3.547906875610351562e-02 3.039121627807617188e-03
3.554201126098632812e-02 3.075122833251953125e-03
3.564953804016113281e-02 3.071069717407226562e-03
3.528261184692382812e-02 3.127813339233398438e-03
3.563404083251953125e-02 3.029346466064453125e-03
3.586912155151367188e-02 3.113031387329101562e-03
3.574824333190917969e-02 3.044605255126953125e-03
