5.518579483032226562e-02 3.092527389526367188e-03
3.698515892028808594e-02 3.227949142456054688e-03
3.714632987976074219e-02 3.219604492187500000e-03
3.628087043762207031e-02 3.124237060546875000e-03
3.595185279846191406e-02 3.044128417968750000e-03
7.510876655578613281e-02 4.014253616333007812e-03
4.078602790832519531e-02 3.657102584838867188e-03
3.644633293151855469e-02 3.026723861694335938e-03
3.617048263549804688e-02 3.098011016845703125e-03
3.582024574279785156e-02 3.061532974243164062e-03
3.625178337097167969e-02 3.137350082397460938e-03
3.580904006958007812e-02 3.035306930541992188e-03
3.607797622680664062e-02 3.126144409179687500e-03
3.592109680175781250e-02 3.034114837646484375e-03
3.632545471191406250e-02 3.117084503173828125e-03
3.596472740173339844e-02 3.023862838745117188e-03
