1.019282341003417969e-01 1.174807548522949219e-02
1.010038852691650391e-01 1.129865646362304688e-02
9.993171691894531250e-02 1.144886016845703125e-02
1.008698940277099609e-01 1.151323318481445312e-02
9.872055053710937500e-02 1.128196716308593750e-02
9.848189353942871094e-02 1.141881942749023438e-02
9.849739074707031250e-02 1.133370399475097656e-02
9.861111640930175781e-02 1.139402389526367188e-02
1.007368564605712891e-01 1.147246360778808594e-02
9.924745559692382812e-02 1.124191284179687500e-02
9.837222099304199219e-02 1.121401786804199219e-02
1.003394126892089844e-01 1.147222518920898438e-02
9.873080253601074219e-02 1.129484176635742188e-02
9.823322296142578125e-02 1.132440567016601562e-02
9.956932067871093750e-02 1.142191886901855469e-02
1.552681922912597656e-01 1.214718818664550781e-02
1.039371490478515625e-01 1.183581352233886719e-02
9.895086288452148438e-02 1.142001152038574219e-02
9.875774383544921875e-02 1.130008697509765625e-02
9.884929656982421875e-02 1.125812530517578125e-02
9.834289550781250000e-02 1.126933097839355469e-02
9.870743751525878906e-02 1.128768920898437500e-02
9.921836853027343750e-02 1.131272315979003906e-02
9.881186485290527344e-02 1.146888732910156250e-02
9.835600852966308594e-02 1.131701469421386719e-02
9.869956970214843750e-02 1.127862930297851562e-02
9.888148307800292969e-02 1.120805740356445312e-02
9.835982322692871094e-02 1.124858856201171875e-02
9.859490394592285156e-02 1.130747795104980469e-02
9.872508049011230469e-02 1.131868362426757812e-02
1.000728607177734375e-01 1.139020919799804688e-02
9.883308410644531250e-02 1.122260093688964844e-02
9.880113601684570312e-02 1.132082939147949219e-02
9.871244430541992188e-02 1.131343841552734375e-02
9.906601905822753906e-02 1.119899749755859375e-02
1.395566463470458984e-01 1.211118698120117188e-02
1.021535396575927734e-01 1.187348365783691406e-02
1.013169288635253906e-01 1.148939132690429688e-02
9.787559509277343750e-02 1.125001907348632812e-02
9.747767448425292969e-02 1.126217842102050781e-02
9.875941276550292969e-02 1.130819320678710938e-02
9.852004051208496094e-02 1.134037971496582031e-02
9.853100776672363281e-02 1.131749153137207031e-02
9.835124015808105469e-02 1.132154464721679688e-02
9.830808639526367188e-02 1.120519638061523438e-02
9.860181808471679688e-02 1.127767562866210938e-02
9.869027137756347656e-02 1.131033897399902344e-02
9.770107269287109375e-02 1.134705543518066406e-02
9.869647026062011719e-02 1.125288009643554688e-02
9.833049774169921875e-02 1.198577880859375000e-02
9.922957420349121094e-02 1.124739646911621094e-02
9.800648689270019531e-02 1.123094558715820312e-02
