4.105114936828613281e-02 3.325462341308593750e-03
4.115915298461914062e-02 3.418684005737304688e-03
4.116606712341308594e-02 3.397703170776367188e-03
4.126977920532226562e-02 3.422498703002929688e-03
4.122567176818847656e-02 3.422737121582031250e-03
4.013967514038085938e-02 3.288745880126953125e-03
4.021406173706054688e-02 3.193616867065429688e-03
4.036974906921386719e-02 3.209590911865234375e-03
4.070162773132324219e-02 3.173351287841796875e-03
4.044747352600097656e-02 3.173589706420898438e-03
4.072308540344238281e-02 3.207206726074218750e-03
4.032492637634277344e-02 3.278970718383789062e-03
4.019832611083984375e-02 3.225326538085937500e-03
4.030442237854003906e-02 3.189563751220703125e-03
