7.942080497741699219e-02 1.127266883850097656e-02
7.905936241149902344e-02 1.108980178833007812e-02
7.964253425598144531e-02 1.089763641357421875e-02
7.953834533691406250e-02 1.064348220825195312e-02
7.824563980102539062e-02 1.077008247375488281e-02
7.886815071105957031e-02 1.070523262023925781e-02
7.859587669372558594e-02 1.089143753051757812e-02
7.786035537719726562e-02 1.067733764648437500e-02
7.886695861816406250e-02 1.083397865295410156e-02
7.738924026489257812e-02 1.052451133728027344e-02
7.865715026855468750e-02 1.067471504211425781e-02
7.763123512268066406e-02 1.056790351867675781e-02
7.747554779052734375e-02 1.079177856445312500e-02
7.721757888793945312e-02 1.083731651306152344e-02
7.713246345520019531e-02 1.079726219177246094e-02
7.746386528015136719e-02 1.073837280273437500e-02
7.903480529785156250e-02 1.136326789855957031e-02
7.990169525146484375e-02 1.116633415222167969e-02
7.722830772399902344e-02 1.063323020935058594e-02
7.770848274230957031e-02 1.049494743347167969e-02
