1.874995231628417969e-02 2.774238586425781250e-03
1.921606063842773438e-02 2.778053283691406250e-03
1.908755302429199219e-02 2.790451049804687500e-03
1.905465126037597656e-02 2.793073654174804688e-03
1.924347877502441406e-02 2.832889556884765625e-03
1.998615264892578125e-02 2.987623214721679688e-03
2.020215988159179688e-02 2.825736999511718750e-03
1.910829544067382812e-02 2.785444259643554688e-03
1.958060264587402344e-02 2.929210662841796875e-03
1.894021034240722656e-02 2.811193466186523438e-03
1.958584785461425781e-02 2.871990203857421875e-03
1.956057548522949219e-02 2.878665924072265625e-03
1.948070526123046875e-02 2.780437469482421875e-03
1.924324035644531250e-02 2.753973007202148438e-03
1.919651031494140625e-02 2.786159515380859375e-03
1.923584938049316406e-02 2.839565277099609375e-03
1.928639411926269531e-02 2.772808074951171875e-03
1.842069625854492188e-02 2.598047256469726562e-03
1.925182342529296875e-02 2.835512161254882812e-03
1.931595802307128906e-02 2.786159515380859375e-03
1.914620399475097656e-02 2.791404724121093750e-03
1.832890510559082031e-02 2.696990966796875000e-03
1.917290687561035156e-02 2.804517745971679688e-03
1.915621757507324219e-02 2.786159515380859375e-03
1.927852630615234375e-02 2.801656723022460938e-03
1.926350593566894531e-02 2.847909927368164062e-03
1.940727233886718750e-02 2.788782119750976562e-03
1.859450340270996094e-02 2.753496170043945312e-03
1.856851577758789062e-02 2.653837203979492188e-03
1.831150054931640625e-02 2.596616744995117188e-03
1.827049255371093750e-02 2.593755722045898438e-03
1.827096939086914062e-02 2.598047256469726562e-03
1.831054687500000000e-02 2.608060836791992188e-03
1.837706565856933594e-02 2.639770507812500000e-03
1.855826377868652344e-02 2.605438232421875000e-03
1.835680007934570312e-02 2.633571624755859375e-03
