1.505191326141357422e-01 1.752042770385742188e-02
1.417579650878906250e-01 1.275515556335449219e-02
1.404843330383300781e-01 1.291155815124511719e-02
1.402280330657958984e-01 1.308584213256835938e-02
1.401183605194091797e-01 1.288342475891113281e-02
1.576428413391113281e-01 1.278996467590332031e-02
1.392817497253417969e-01 1.276659965515136719e-02
1.408717632293701172e-01 1.284146308898925781e-02
1.409740447998046875e-01 1.277685165405273438e-02
1.403477191925048828e-01 1.284861564636230469e-02
1.454296112060546875e-01 1.306486129760742188e-02
1.404550075531005859e-01 1.281905174255371094e-02
1.398053169250488281e-01 1.277613639831542969e-02
1.393132209777832031e-01 1.271343231201171875e-02
1.405019760131835938e-01 1.282477378845214844e-02
1.388242244720458984e-01 1.271128654479980469e-02
1.387720108032226562e-01 1.268362998962402344e-02
1.389086246490478516e-01 1.267313957214355469e-02
1.389553546905517578e-01 1.273894309997558594e-02
1.400940418243408203e-01 1.292252540588378906e-02
1.404864788055419922e-01 1.286315917968750000e-02
1.392695903778076172e-01 1.269149780273437500e-02
1.388919353485107422e-01 1.269817352294921875e-02
1.388926506042480469e-01 1.265263557434082031e-02
1.418046951293945312e-01 1.315665245056152344e-02
1.433734893798828125e-01 1.296734809875488281e-02
1.391918659210205078e-01 1.268339157104492188e-02
1.388144493103027344e-01 1.274919509887695312e-02
1.392142772674560547e-01 1.281332969665527344e-02
1.392586231231689453e-01 1.280999183654785156e-02
