1.020879745483398438e-01 1.185297966003417969e-02
1.011464595794677734e-01 1.124644279479980469e-02
1.023967266082763672e-01 1.140069961547851562e-02
1.007668972015380859e-01 1.165699958801269531e-02
1.017653942108154297e-01 1.136445999145507812e-02
1.018903255462646484e-01 1.151466369628906250e-02
1.046633720397949219e-01 1.168179512023925781e-02
1.036207675933837891e-01 1.145815849304199219e-02
1.044199466705322266e-01 1.163554191589355469e-02
1.016688346862792969e-01 1.150298118591308594e-02
1.028299331665039062e-01 1.146721839904785156e-02
1.021845340728759766e-01 1.129627227783203125e-02
1.041533946990966797e-01 1.143884658813476562e-02
1.058208942413330078e-01 1.213097572326660156e-02
1.062071323394775391e-01 1.173973083496093750e-02
1.035363674163818359e-01 1.142859458923339844e-02
1.021947860717773438e-01 1.130723953247070312e-02
1.027927398681640625e-01 1.130914688110351562e-02
1.022460460662841797e-01 1.149630546569824219e-02
1.017465591430664062e-01 1.134347915649414062e-02
1.021723747253417969e-01 1.125407218933105469e-02
1.022996902465820312e-01 1.138067245483398438e-02
1.026742458343505859e-01 1.124453544616699219e-02
