2.105140686035156250e-02 2.801179885864257812e-03
2.075052261352539062e-02 2.842187881469726562e-03
2.140927314758300781e-02 2.913236618041992188e-03
2.143430709838867188e-02 2.909898757934570312e-03
2.145624160766601562e-02 2.919673919677734375e-03
2.141237258911132812e-02 2.874851226806640625e-03
2.146434783935546875e-02 2.866506576538085938e-03
2.147340774536132812e-02 2.907514572143554688e-03
2.129483222961425781e-02 2.927780151367187500e-03
2.114677429199218750e-02 2.887248992919921875e-03
2.124595642089843750e-02 2.860069274902343750e-03
2.127885818481445312e-02 2.871513366699218750e-03
2.148199081420898438e-02 2.852916717529296875e-03
2.144169807434082031e-02 2.873182296752929688e-03
2.122426033020019531e-02 2.872467041015625000e-03
4.880070686340332031e-02 4.083633422851562500e-03
2.245211601257324219e-02 2.810001373291015625e-03
2.114772796630859375e-02 2.858161926269531250e-03
2.058434486389160156e-02 2.734661102294921875e-03
2.145886421203613281e-02 2.865076065063476562e-03
2.062129974365234375e-02 2.680063247680664062e-03
2.126312255859375000e-02 2.888202667236328125e-03
2.068114280700683594e-02 2.749204635620117188e-03
2.128505706787109375e-02 2.893447875976562500e-03
2.063822746276855469e-02 2.692937850952148438e-03
2.129340171813964844e-02 2.825021743774414062e-03
2.055644989013671875e-02 2.719640731811523438e-03
2.041602134704589844e-02 2.714395523071289062e-03
2.052068710327148438e-02 2.720832824707031250e-03
2.048778533935546875e-02 2.691268920898437500e-03
2.085733413696289062e-02 2.680540084838867188e-03
2.048087120056152344e-02 2.679824829101562500e-03
2.061676979064941406e-02 2.720117568969726562e-03
2.042341232299804688e-02 2.713441848754882812e-03
2.057170867919921875e-02 2.723693847656250000e-03
