1.281433105468750000e-01 1.630449295043945312e-02
1.237664222717285156e-01 1.251077651977539062e-02
1.187043190002441406e-01 1.194739341735839844e-02
1.185033321380615234e-01 1.202583312988281250e-02
1.186144351959228516e-01 1.184391975402832031e-02
1.178855895996093750e-01 1.179480552673339844e-02
1.184182167053222656e-01 1.191806793212890625e-02
1.182978153228759766e-01 1.199913024902343750e-02
1.173803806304931641e-01 1.181030273437500000e-02
1.182520389556884766e-01 1.186299324035644531e-02
1.173093318939208984e-01 1.188421249389648438e-02
1.229641437530517578e-01 1.229667663574218750e-02
1.223359107971191406e-01 1.201105117797851562e-02
1.191296577453613281e-01 1.190590858459472656e-02
1.187922954559326172e-01 1.183652877807617188e-02
1.186141967773437500e-01 1.183104515075683594e-02
1.187782287597656250e-01 1.176309585571289062e-02
