1.045653820037841797e-01 1.555657386779785156e-02
1.029627323150634766e-01 1.153397560119628906e-02
1.024780273437500000e-01 1.174163818359375000e-02
1.012563705444335938e-01 1.160216331481933594e-02
9.901738166809082031e-02 1.141595840454101562e-02
9.777188301086425781e-02 1.125144958496093750e-02
9.829831123352050781e-02 1.136040687561035156e-02
9.739494323730468750e-02 1.124382019042968750e-02
9.731006622314453125e-02 1.122188568115234375e-02
9.747290611267089844e-02 1.119852066040039062e-02
9.828305244445800781e-02 1.129865646362304688e-02
9.898066520690917969e-02 1.133108139038085938e-02
9.723973274230957031e-02 1.135945320129394531e-02
9.909200668334960938e-02 1.131892204284667969e-02
9.684443473815917969e-02 1.133012771606445312e-02
9.735512733459472656e-02 1.121616363525390625e-02
9.656572341918945312e-02 1.114320755004882812e-02
9.756994247436523438e-02 1.122999191284179688e-02
9.718346595764160156e-02 1.122999191284179688e-02
9.756183624267578125e-02 1.118898391723632812e-02
9.735155105590820312e-02 1.119065284729003906e-02
9.716415405273437500e-02 1.117563247680664062e-02
9.947419166564941406e-02 1.184153556823730469e-02
