1.473555564880371094e-01 1.327443122863769531e-02
1.417727470397949219e-01 1.352500915527343750e-02
1.426751613616943359e-01 1.280927658081054688e-02
1.582860946655273438e-01 1.271939277648925781e-02
1.585371494293212891e-01 1.277661323547363281e-02
1.380624771118164062e-01 1.268458366394042969e-02
1.391079425811767578e-01 1.276350021362304688e-02
1.380102634429931641e-01 1.260113716125488281e-02
1.376647949218750000e-01 1.259970664978027344e-02
1.383748054504394531e-01 1.263070106506347656e-02
1.381866931915283203e-01 1.267218589782714844e-02
1.380941867828369141e-01 1.261663436889648438e-02
1.378281116485595703e-01 1.269245147705078125e-02
1.382505893707275391e-01 1.265883445739746094e-02
1.382961273193359375e-01 1.260805130004882812e-02
1.383519172668457031e-01 1.266694068908691406e-02
