4.126310348510742188e-02 3.309726715087890625e-03
4.142403602600097656e-02 3.590345382690429688e-03
4.332399368286132812e-02 3.535270690917968750e-03
4.160523414611816406e-02 3.437280654907226562e-03
4.198312759399414062e-02 3.496408462524414062e-03
4.082512855529785156e-02 3.335952758789062500e-03
4.135370254516601562e-02 3.430843353271484375e-03
4.105687141418457031e-02 3.338575363159179688e-03
4.021263122558593750e-02 3.325462341308593750e-03
4.160833358764648438e-02 3.296852111816406250e-03
3.946280479431152344e-02 3.239870071411132812e-03
3.974771499633789062e-02 3.227710723876953125e-03
3.923225402832031250e-02 3.225803375244140625e-03
3.931379318237304688e-02 3.177165985107421875e-03
3.909850120544433594e-02 3.182649612426757812e-03
3.955435752868652344e-02 3.212213516235351562e-03
3.929829597473144531e-02 3.175020217895507812e-03
