1.234991550445556641e-01 1.633167266845703125e-02
1.190965175628662109e-01 1.184177398681640625e-02
1.179397106170654297e-01 1.197719573974609375e-02
1.181788444519042969e-01 1.194095611572265625e-02
1.188542842864990234e-01 1.205110549926757812e-02
1.174452304840087891e-01 1.217722892761230469e-02
1.191110610961914062e-01 1.209521293640136719e-02
1.178641319274902344e-01 1.191973686218261719e-02
1.191432476043701172e-01 1.200699806213378906e-02
1.178219318389892578e-01 1.190042495727539062e-02
1.175129413604736328e-01 1.191687583923339844e-02
1.178064346313476562e-01 1.196765899658203125e-02
1.183292865753173828e-01 1.196885108947753906e-02
1.175894737243652344e-01 1.190638542175292969e-02
1.217439174652099609e-01 1.240897178649902344e-02
1.209557056427001953e-01 1.195001602172851562e-02
1.181576251983642578e-01 1.193809509277343750e-02
1.172206401824951172e-01 1.185345649719238281e-02
1.172256469726562500e-01 1.184177398681640625e-02
4.018356800079345703e-01 2.371478080749511719e-02
1.194005012512207031e-01 1.184344291687011719e-02
1.160054206848144531e-01 1.181769371032714844e-02
1.160249710083007812e-01 1.177000999450683594e-02
1.161997318267822266e-01 1.177048683166503906e-02
1.157286167144775391e-01 1.183414459228515625e-02
1.164209842681884766e-01 1.181793212890625000e-02
1.164665222167968750e-01 1.180362701416015625e-02
1.162223815917968750e-01 1.185607910156250000e-02
1.160151958465576172e-01 1.177525520324707031e-02
