1.652019023895263672e-01 1.379704475402832031e-02
1.537725925445556641e-01 1.310276985168457031e-02
1.533877849578857422e-01 1.322841644287109375e-02
1.521232128143310547e-01 1.310372352600097656e-02
1.702671051025390625e-01 1.322627067565917969e-02
1.524453163146972656e-01 1.302981376647949219e-02
1.777706146240234375e-01 1.369094848632812500e-02
1.537988185882568359e-01 1.330208778381347656e-02
1.530523300170898438e-01 1.336526870727539062e-02
1.523461341857910156e-01 1.303839683532714844e-02
1.524550914764404297e-01 1.302599906921386719e-02
1.531183719635009766e-01 1.347875595092773438e-02
1.524810791015625000e-01 1.311373710632324219e-02
1.520962715148925781e-01 1.299715042114257812e-02
1.520857810974121094e-01 1.301813125610351562e-02
1.520357131958007812e-01 1.297831535339355469e-02
1.523985862731933594e-01 1.319837570190429688e-02
1.519534587860107422e-01 1.328086853027343750e-02
1.505420207977294922e-01 1.305961608886718750e-02
1.528649330139160156e-01 1.360154151916503906e-02
1.544973850250244141e-01 1.322031021118164062e-02
1.499369144439697266e-01 1.297736167907714844e-02
