1.463267803192138672e-01 1.786780357360839844e-02
1.383421421051025391e-01 1.263952255249023438e-02
1.359395980834960938e-01 1.268553733825683594e-02
1.398029327392578125e-01 1.327013969421386719e-02
1.398620605468750000e-01 1.276135444641113281e-02
1.384654045104980469e-01 1.285576820373535156e-02
1.386418342590332031e-01 1.268362998962402344e-02
1.374268531799316406e-01 1.261258125305175781e-02
1.387844085693359375e-01 1.285219192504882812e-02
1.374783515930175781e-01 1.256656646728515625e-02
1.377353668212890625e-01 1.272106170654296875e-02
1.376245021820068359e-01 1.263761520385742188e-02
1.372292041778564453e-01 1.262927055358886719e-02
1.379871368408203125e-01 1.279616355895996094e-02
1.375715732574462891e-01 1.262474060058593750e-02
1.372709274291992188e-01 1.261806488037109375e-02
1.376900672912597656e-01 1.278877258300781250e-02
1.376748085021972656e-01 1.254773139953613281e-02
