1.905393600463867188e-02 2.816200256347656250e-03
1.935458183288574219e-02 2.791643142700195312e-03
1.917982101440429688e-02 2.794027328491210938e-03
1.864433288574218750e-02 2.698421478271484375e-03
1.852011680603027344e-02 2.623081207275390625e-03
1.832222938537597656e-02 2.647399902343750000e-03
1.828479766845703125e-02 2.593517303466796875e-03
1.840281486511230469e-02 2.597093582153320312e-03
4.651546478271484375e-02 4.162073135375976562e-03
2.088022232055664062e-02 2.807140350341796875e-03
1.846814155578613281e-02 2.656936645507812500e-03
1.912760734558105469e-02 2.793550491333007812e-03
1.846551895141601562e-02 2.609252929687500000e-03
1.846170425415039062e-02 2.615690231323242188e-03
1.906085014343261719e-02 2.814054489135742188e-03
1.922512054443359375e-02 2.784490585327148438e-03
1.921033859252929688e-02 2.768993377685546875e-03
4.798698425292968750e-02 4.056453704833984375e-03
2.100038528442382812e-02 2.939462661743164062e-03
1.866793632507324219e-02 2.650976181030273438e-03
1.847267150878906250e-02 2.622127532958984375e-03
1.864194869995117188e-02 2.714395523071289062e-03
1.842141151428222656e-02 2.672433853149414062e-03
1.857733726501464844e-02 2.664804458618164062e-03
1.845455169677734375e-02 2.608776092529296875e-03
1.819014549255371094e-02 2.601146697998046875e-03
1.844692230224609375e-02 2.635955810546875000e-03
1.839494705200195312e-02 2.616167068481445312e-03
