1.467967033386230469e-01 1.351714134216308594e-02
1.436574459075927734e-01 1.287794113159179688e-02
1.434550285339355469e-01 1.298546791076660156e-02
1.437325477600097656e-01 1.297307014465332031e-02
1.426713466644287109e-01 1.287174224853515625e-02
1.426978111267089844e-01 1.288986206054687500e-02
1.461598873138427734e-01 1.287484169006347656e-02
1.435062885284423828e-01 1.294636726379394531e-02
1.423926353454589844e-01 1.279664039611816406e-02
1.424338817596435547e-01 1.292037963867187500e-02
1.436574459075927734e-01 1.286649703979492188e-02
1.492123603820800781e-01 1.299810409545898438e-02
1.430654525756835938e-01 1.288866996765136719e-02
1.423351764678955078e-01 1.277971267700195312e-02
1.423020362854003906e-01 1.278138160705566406e-02
1.423003673553466797e-01 1.278924942016601562e-02
1.422722339630126953e-01 1.281309127807617188e-02
1.423351764678955078e-01 1.276302337646484375e-02
1.426515579223632812e-01 1.281428337097167969e-02
1.424903869628906250e-01 1.285481452941894531e-02
1.437497138977050781e-01 1.299095153808593750e-02
1.424379348754882812e-01 1.280832290649414062e-02
1.425857543945312500e-01 1.279830932617187500e-02
1.425321102142333984e-01 1.285362243652343750e-02
1.427216529846191406e-01 1.284098625183105469e-02
1.466820240020751953e-01 1.316356658935546875e-02
1.455152034759521484e-01 1.284909248352050781e-02
1.424834728240966797e-01 1.279973983764648438e-02
1.423859596252441406e-01 1.263141632080078125e-02
1.423015594482421875e-01 1.278591156005859375e-02
