1.605439186096191406e-02 2.635240554809570312e-03
1.636934280395507812e-02 2.643346786499023438e-03
1.648187637329101562e-02 2.644538879394531250e-03
1.633882522583007812e-02 2.689838409423828125e-03
1.649999618530273438e-02 2.651691436767578125e-03
1.635122299194335938e-02 2.690076828002929688e-03
1.622128486633300781e-02 2.644062042236328125e-03
1.627969741821289062e-02 2.646684646606445312e-03
1.577043533325195312e-02 2.556085586547851562e-03
1.579570770263671875e-02 2.548933029174804688e-03
1.633810997009277344e-02 2.675056457519531250e-03
1.574206352233886719e-02 2.554655075073242188e-03
1.633882522583007812e-02 2.687692642211914062e-03
1.635861396789550781e-02 2.649545669555664062e-03
1.636910438537597656e-02 2.676248550415039062e-03
1.635861396789550781e-02 2.656936645507812500e-03
1.623153686523437500e-02 2.678632736206054688e-03
1.636147499084472656e-02 2.670764923095703125e-03
1.567864418029785156e-02 2.568244934082031250e-03
1.627516746520996094e-02 2.705574035644531250e-03
1.624965667724609375e-02 2.696275711059570312e-03
1.635551452636718750e-02 2.664089202880859375e-03
1.627016067504882812e-02 2.681970596313476562e-03
1.635193824768066406e-02 2.693414688110351562e-03
1.636219024658203125e-02 2.657413482666015625e-03
1.634144783020019531e-02 2.663373947143554688e-03
1.630735397338867188e-02 2.646923065185546875e-03
1.580500602722167969e-02 2.560138702392578125e-03
5.495834350585937500e-02 5.763053894042968750e-03
2.593922615051269531e-02 3.916978836059570312e-03
3.970384597778320312e-02 4.694700241088867188e-03
2.036261558532714844e-02 2.971649169921875000e-03
1.687645912170410156e-02 2.783775329589843750e-03
1.699018478393554688e-02 2.864599227905273438e-03
1.676273345947265625e-02 2.697229385375976562e-03
1.622271537780761719e-02 2.708196640014648438e-03
1.644992828369140625e-02 2.664804458618164062e-03
1.592874526977539062e-02 2.656936645507812500e-03
4.048943519592285156e-02 5.320072174072265625e-03
2.150917053222656250e-02 2.870798110961914062e-03
1.685214042663574219e-02 2.813577651977539062e-03
1.613187789916992188e-02 2.692699432373046875e-03
1.624655723571777344e-02 2.652883529663085938e-03
1.577115058898925781e-02 2.588510513305664062e-03
1.554918289184570312e-02 2.544403076171875000e-03
1.561975479125976562e-02 2.544879913330078125e-03
1.573228836059570312e-02 2.542495727539062500e-03
1.565933227539062500e-02 2.576828002929687500e-03
1.566052436828613281e-02 2.554655075073242188e-03
1.559066772460937500e-02 2.560138702392578125e-03
1.559019088745117188e-02 2.556800842285156250e-03
1.558256149291992188e-02 2.602815628051757812e-03
