1.747894287109375000e-02 2.686977386474609375e-03
1.754713058471679688e-02 2.725839614868164062e-03
1.755666732788085938e-02 2.722740173339843750e-03
1.751756668090820312e-02 2.744197845458984375e-03
1.752686500549316406e-02 2.768754959106445312e-03
1.756334304809570312e-02 2.777576446533203125e-03
1.750445365905761719e-02 2.741813659667968750e-03
1.832103729248046875e-02 2.756595611572265625e-03
1.847553253173828125e-02 2.803325653076171875e-03
1.861333847045898438e-02 2.742290496826171875e-03
1.854228973388671875e-02 2.754688262939453125e-03
1.793313026428222656e-02 2.646207809448242188e-03
1.783847808837890625e-02 2.658843994140625000e-03
1.858997344970703125e-02 2.757310867309570312e-03
1.793169975280761719e-02 2.687931060791015625e-03
1.790666580200195312e-02 2.643585205078125000e-03
1.793241500854492188e-02 2.646684646606445312e-03
1.796793937683105469e-02 2.666711807250976562e-03
1.801133155822753906e-02 2.654790878295898438e-03
1.795029640197753906e-02 2.648353576660156250e-03
1.786684989929199219e-02 2.665519714355468750e-03
1.790595054626464844e-02 2.655029296875000000e-03
1.796746253967285156e-02 2.645492553710937500e-03
