8.068370819091796875e-02 1.124167442321777344e-02
8.026361465454101562e-02 1.109790802001953125e-02
7.726693153381347656e-02 1.062083244323730469e-02
7.788062095642089844e-02 1.072335243225097656e-02
7.818794250488281250e-02 1.093578338623046875e-02
7.700800895690917969e-02 1.043868064880371094e-02
7.700443267822265625e-02 1.041150093078613281e-02
7.786321640014648438e-02 1.088070869445800781e-02
7.708621025085449219e-02 1.072168350219726562e-02
7.683181762695312500e-02 1.063561439514160156e-02
7.677054405212402344e-02 1.062107086181640625e-02
7.709527015686035156e-02 1.061296463012695312e-02
7.685041427612304688e-02 1.055645942687988281e-02
7.802939414978027344e-02 1.063156127929687500e-02
7.725787162780761719e-02 1.047134399414062500e-02
7.698082923889160156e-02 1.041293144226074219e-02
7.691144943237304688e-02 1.077818870544433594e-02
7.701778411865234375e-02 1.068472862243652344e-02
7.692837715148925781e-02 1.072096824645996094e-02
7.674980163574218750e-02 1.062798500061035156e-02
7.828497886657714844e-02 1.178622245788574219e-02
8.073949813842773438e-02 1.112794876098632812e-02
7.801127433776855469e-02 1.048874855041503906e-02
