1.442720890045166016e-01 1.320219039916992188e-02
1.390624046325683594e-01 1.264452934265136719e-02
1.390602588653564453e-01 1.338839530944824219e-02
1.396062374114990234e-01 1.264023780822753906e-02
1.401743888854980469e-01 1.266479492187500000e-02
1.382050514221191406e-01 1.273298263549804688e-02
1.395959854125976562e-01 1.271057128906250000e-02
1.442358493804931641e-01 1.312065124511718750e-02
1.441109180450439453e-01 1.288366317749023438e-02
1.412510871887207031e-01 1.284813880920410156e-02
1.389935016632080078e-01 1.263785362243652344e-02
1.394875049591064453e-01 1.258563995361328125e-02
1.392943859100341797e-01 1.265430450439453125e-02
1.395349502563476562e-01 1.261949539184570312e-02
1.394515037536621094e-01 1.266145706176757812e-02
1.399931907653808594e-01 1.265573501586914062e-02
1.398973464965820312e-01 1.264309883117675781e-02
1.397128105163574219e-01 1.258111000061035156e-02
1.390480995178222656e-01 1.260352134704589844e-02
1.394581794738769531e-01 1.252198219299316406e-02
1.401515007019042969e-01 1.276397705078125000e-02
1.404709815979003906e-01 1.268482208251953125e-02
1.459112167358398438e-01 1.302051544189453125e-02
1.420905590057373047e-01 1.273298263549804688e-02
1.389977931976318359e-01 1.254439353942871094e-02
1.394426822662353516e-01 1.267814636230468750e-02
1.399478912353515625e-01 1.270079612731933594e-02
1.394202709197998047e-01 1.253533363342285156e-02
1.395361423492431641e-01 1.284241676330566406e-02
1.395373344421386719e-01 1.258897781372070312e-02
1.399641036987304688e-01 1.251745223999023438e-02
