3.948903083801269531e-02 3.225326538085937500e-03
3.929066658020019531e-02 3.329992294311523438e-03
3.889346122741699219e-02 3.194570541381835938e-03
3.935432434082031250e-02 3.281116485595703125e-03
4.027295112609863281e-02 3.549337387084960938e-03
4.097676277160644531e-02 3.421306610107421875e-03
4.032397270202636719e-02 3.349065780639648438e-03
4.004955291748046875e-02 3.179311752319335938e-03
3.911185264587402344e-02 3.191709518432617188e-03
3.908157348632812500e-02 3.218650817871093750e-03
3.914570808410644531e-02 3.173828125000000000e-03
3.914046287536621094e-02 3.180980682373046875e-03
3.889560699462890625e-02 3.172397613525390625e-03
3.903293609619140625e-02 3.179073333740234375e-03
3.899765014648437500e-02 3.180742263793945312e-03
