2.043676376342773438e-02 2.807617187500000000e-03
4.497647285461425781e-02 4.063129425048828125e-03
2.493524551391601562e-02 3.448247909545898438e-03
2.270579338073730469e-02 3.213167190551757812e-03
2.114820480346679688e-02 2.969503402709960938e-03
2.001833915710449219e-02 2.715826034545898438e-03
1.992321014404296875e-02 2.697944641113281250e-03
1.981925964355468750e-02 2.709627151489257812e-03
1.984000205993652344e-02 2.727270126342773438e-03
1.989746093750000000e-02 2.708196640014648438e-03
1.995730400085449219e-02 2.699613571166992188e-03
1.985239982604980469e-02 2.714157104492187500e-03
1.990342140197753906e-02 2.713441848754882812e-03
1.996469497680664062e-02 2.752780914306640625e-03
