6.325292587280273438e-02 1.063942909240722656e-02
6.364607810974121094e-02 1.504302024841308594e-02
6.429386138916015625e-02 5.262184143066406250e-02
6.278133392333984375e-02 1.015686988830566406e-02
6.200194358825683594e-02 9.951829910278320312e-03
6.203842163085937500e-02 9.966135025024414062e-03
6.342315673828125000e-02 1.006913185119628906e-02
6.306672096252441406e-02 1.032710075378417969e-02
6.268739700317382812e-02 1.023292541503906250e-02
6.301164627075195312e-02 1.079678535461425781e-02
6.613755226135253906e-02 1.072335243225097656e-02
6.435990333557128906e-02 1.027441024780273438e-02
6.207776069641113281e-02 1.019692420959472656e-02
6.164789199829101562e-02 1.015019416809082031e-02
6.169128417968750000e-02 1.000714302062988281e-02
6.189274787902832031e-02 1.036572456359863281e-02
6.180477142333984375e-02 1.024723052978515625e-02
6.300950050354003906e-02 1.028132438659667969e-02
6.165647506713867188e-02 1.003408432006835938e-02
6.165695190429687500e-02 1.004171371459960938e-02
6.312632560729980469e-02 1.005697250366210938e-02
6.135201454162597656e-02 1.011228561401367188e-02
6.136679649353027344e-02 1.005125045776367188e-02
6.186032295227050781e-02 1.029205322265625000e-02
6.156206130981445312e-02 1.009488105773925781e-02
6.118607521057128906e-02 1.005005836486816406e-02
6.144976615905761719e-02 1.005578041076660156e-02
6.141018867492675781e-02 1.014780998229980469e-02
6.111288070678710938e-02 9.805440902709960938e-03
6.139397621154785156e-02 9.939432144165039062e-03
6.152081489562988281e-02 9.964466094970703125e-03
6.118607521057128906e-02 1.003217697143554688e-02
6.162738800048828125e-02 1.000046730041503906e-02
6.113529205322265625e-02 1.023268699645996094e-02
6.283664703369140625e-02 1.007127761840820312e-02
6.272315979003906250e-02 1.016974449157714844e-02
6.119465827941894531e-02 1.001524925231933594e-02
6.178402900695800781e-02 9.935379028320312500e-03
6.177186965942382812e-02 9.963274002075195312e-03
6.147170066833496094e-02 1.017594337463378906e-02
6.216502189636230469e-02 1.138329505920410156e-02
6.598114967346191406e-02 1.040792465209960938e-02
6.388163566589355469e-02 1.051449775695800781e-02
6.234812736511230469e-02 9.925127029418945312e-03
6.151127815246582031e-02 9.998798370361328125e-03
6.134128570556640625e-02 9.872913360595703125e-03
6.140494346618652344e-02 9.855985641479492188e-03
6.145977973937988281e-02 1.027441024780273438e-02
