2.652621269226074219e-02 2.902984619140625000e-03
2.655243873596191406e-02 2.888917922973632812e-03
2.656912803649902344e-02 2.934694290161132812e-03
2.624869346618652344e-02 2.922773361206054688e-03
2.685546875000000000e-02 2.928256988525390625e-03
2.622818946838378906e-02 2.938508987426757812e-03
2.743029594421386719e-02 2.954006195068359375e-03
2.842402458190917969e-02 3.093957901000976562e-03
2.816057205200195312e-02 3.118515014648437500e-03
2.766728401184082031e-02 2.990245819091796875e-03
2.825021743774414062e-02 3.109931945800781250e-03
2.811694145202636719e-02 3.100872039794921875e-03
2.756977081298828125e-02 3.020763397216796875e-03
2.828931808471679688e-02 3.154993057250976562e-03
2.756261825561523438e-02 3.006219863891601562e-03
2.820682525634765625e-02 3.100156784057617188e-03
2.842211723327636719e-02 3.087997436523437500e-03
2.789521217346191406e-02 2.990484237670898438e-03
2.771615982055664062e-02 3.004312515258789062e-03
2.734661102294921875e-02 2.890825271606445312e-03
2.672028541564941406e-02 2.850532531738281250e-03
2.686619758605957031e-02 2.964973449707031250e-03
2.649164199829101562e-02 2.849340438842773438e-03
2.648520469665527344e-02 2.868890762329101562e-03
2.641582489013671875e-02 2.851009368896484375e-03
2.660012245178222656e-02 2.838850021362304688e-03
2.638912200927734375e-02 2.848625183105468750e-03
2.623438835144042969e-02 2.850770950317382812e-03
2.660822868347167969e-02 2.847433090209960938e-03
2.628684043884277344e-02 2.851963043212890625e-03
2.668714523315429688e-02 2.855300903320312500e-03
2.631831169128417969e-02 2.856016159057617188e-03
