1.485941410064697266e-01 1.314592361450195312e-02
1.387078762054443359e-01 1.271295547485351562e-02
1.410787105560302734e-01 1.379537582397460938e-02
1.416745185852050781e-01 1.279497146606445312e-02
1.389577388763427734e-01 1.294398307800292969e-02
1.387827396392822266e-01 1.294183731079101562e-02
1.375589370727539062e-01 1.264238357543945312e-02
1.373810768127441406e-01 1.269745826721191406e-02
1.385045051574707031e-01 1.262927055358886719e-02
1.375997066497802734e-01 1.270985603332519531e-02
1.375136375427246094e-01 1.265692710876464844e-02
1.375675201416015625e-01 1.259660720825195312e-02
1.372828483581542969e-01 1.250624656677246094e-02
1.374320983886718750e-01 1.282835006713867188e-02
1.373760700225830078e-01 1.268887519836425781e-02
1.368999481201171875e-01 1.262021064758300781e-02
1.372036933898925781e-01 1.248693466186523438e-02
1.419155597686767578e-01 1.346731185913085938e-02
