3.677463531494140625e-02 3.257274627685546875e-03
3.674697875976562500e-02 3.238201141357421875e-03
3.586196899414062500e-02 3.126621246337890625e-03
3.568720817565917969e-02 3.061532974243164062e-03
3.671908378601074219e-02 3.241777420043945312e-03
3.593587875366210938e-02 3.104209899902343750e-03
3.678512573242187500e-02 3.277778625488281250e-03
3.680348396301269531e-02 3.268480300903320312e-03
3.598475456237792969e-02 3.036737442016601562e-03
3.584909439086914062e-02 3.191709518432617188e-03
3.581523895263671875e-02 3.116846084594726562e-03
3.576922416687011719e-02 3.132820129394531250e-03
3.589916229248046875e-02 3.091573715209960938e-03
3.585243225097656250e-02 3.049612045288085938e-03
3.583025932312011719e-02 3.122806549072265625e-03
3.625679016113281250e-02 3.179788589477539062e-03
3.613185882568359375e-02 3.159523010253906250e-03
