1.647639274597167969e-02 2.707719802856445312e-03
1.691079139709472656e-02 2.770900726318359375e-03
1.762318611145019531e-02 2.923488616943359375e-03
1.709008216857910156e-02 2.836465835571289062e-03
1.715946197509765625e-02 2.818346023559570312e-03
1.765418052673339844e-02 2.928018569946289062e-03
1.648664474487304688e-02 2.641677856445312500e-03
1.610994338989257812e-02 2.690792083740234375e-03
1.617860794067382812e-02 2.512216567993164062e-03
1.593828201293945312e-02 2.539396286010742188e-03
1.593255996704101562e-02 2.547025680541992188e-03
1.590633392333984375e-02 2.522230148315429688e-03
1.603817939758300781e-02 2.503156661987304688e-03
1.590919494628906250e-02 2.536773681640625000e-03
1.593518257141113281e-02 2.518177032470703125e-03
