7.184219360351562500e-02 1.128125190734863281e-02
7.132458686828613281e-02 4.964232444763183594e-02
6.955456733703613281e-02 1.040482521057128906e-02
8.644580841064453125e-02 1.035737991333007812e-02
6.964397430419921875e-02 1.033353805541992188e-02
6.976747512817382812e-02 1.030349731445312500e-02
6.995153427124023438e-02 1.035428047180175781e-02
7.578516006469726562e-02 1.089906692504882812e-02
7.117342948913574219e-02 1.047801971435546875e-02
7.086968421936035156e-02 1.046156883239746094e-02
7.050204277038574219e-02 1.038026809692382812e-02
7.032823562622070312e-02 1.034927368164062500e-02
6.907534599304199219e-02 1.021385192871093750e-02
7.030487060546875000e-02 1.035642623901367188e-02
6.906509399414062500e-02 1.023316383361816406e-02
6.887006759643554688e-02 1.016855239868164062e-02
6.885862350463867188e-02 1.021099090576171875e-02
7.028937339782714844e-02 1.027774810791015625e-02
2.350711822509765625e-01 1.591491699218750000e-02
7.062649726867675781e-02 1.033997535705566406e-02
7.024550437927246094e-02 1.035928726196289062e-02
6.920981407165527344e-02 1.030468940734863281e-02
7.036209106445312500e-02 1.034379005432128906e-02
6.940865516662597656e-02 1.024150848388671875e-02
7.030630111694335938e-02 1.027703285217285156e-02
7.010054588317871094e-02 1.035141944885253906e-02
6.924700736999511719e-02 1.026654243469238281e-02
6.881523132324218750e-02 1.026201248168945312e-02
8.628392219543457031e-02 1.029515266418457031e-02
6.933546066284179688e-02 1.027822494506835938e-02
6.979489326477050781e-02 1.029419898986816406e-02
6.914091110229492188e-02 1.022267341613769531e-02
7.344698905944824219e-02 1.056098937988281250e-02
7.136678695678710938e-02 1.077961921691894531e-02
6.985473632812500000e-02 1.036238670349121094e-02
7.037353515625000000e-02 1.038861274719238281e-02
6.881427764892578125e-02 1.022958755493164062e-02
6.901001930236816406e-02 1.023006439208984375e-02
6.907749176025390625e-02 1.023387908935546875e-02
6.887602806091308594e-02 1.021194458007812500e-02
6.899785995483398438e-02 1.029372215270996094e-02
6.926083564758300781e-02 1.020479202270507812e-02
6.928896903991699219e-02 1.026964187622070312e-02
6.895446777343750000e-02 1.029133796691894531e-02
6.908631324768066406e-02 1.019144058227539062e-02
