3.968882560729980469e-02 3.260612487792968750e-03
3.993415832519531250e-02 3.324508666992187500e-03
3.983283042907714844e-02 3.312110900878906250e-03
3.954768180847167969e-02 3.232717514038085938e-03
3.942275047302246094e-02 3.285646438598632812e-03
3.989768028259277344e-02 3.263473510742187500e-03
4.020309448242187500e-02 3.330707550048828125e-03
3.972864151000976562e-02 3.346204757690429688e-03
3.908848762512207031e-02 3.207445144653320312e-03
3.937315940856933594e-02 3.196477890014648438e-03
3.947591781616210938e-02 3.186464309692382812e-03
3.907847404479980469e-02 3.206253051757812500e-03
3.931331634521484375e-02 3.188610076904296875e-03
3.923153877258300781e-02 3.184318542480468750e-03
3.969955444335937500e-02 3.246784210205078125e-03
3.934264183044433594e-02 3.185272216796875000e-03
3.930687904357910156e-02 3.194093704223632812e-03
