1.235873699188232422e-01 1.652646064758300781e-02
1.214659214019775391e-01 1.267004013061523438e-02
1.174118518829345703e-01 1.200866699218750000e-02
1.555669307708740234e-01 1.331281661987304688e-02
1.179664134979248047e-01 1.209998130798339844e-02
1.183848381042480469e-01 1.207613945007324219e-02
1.168971061706542969e-01 1.196503639221191406e-02
1.168901920318603516e-01 1.191210746765136719e-02
1.170940399169921875e-01 1.193165779113769531e-02
1.170759201049804688e-01 1.193475723266601562e-02
1.170644760131835938e-01 1.196122169494628906e-02
1.169865131378173828e-01 1.191067695617675781e-02
1.171574592590332031e-01 1.206541061401367188e-02
1.170411109924316406e-01 1.191329956054687500e-02
1.175212860107421875e-01 1.280021667480468750e-02
1.225578784942626953e-01 1.251220703125000000e-02
