1.451785564422607422e-01 1.738977432250976562e-02
1.406137943267822266e-01 1.267433166503906250e-02
1.388971805572509766e-01 1.282811164855957031e-02
1.395423412322998047e-01 1.289892196655273438e-02
1.382458209991455078e-01 1.279568672180175781e-02
1.390509605407714844e-01 1.280903816223144531e-02
1.389768123626708984e-01 1.283907890319824219e-02
1.383340358734130859e-01 1.271939277648925781e-02
1.378738880157470703e-01 1.281404495239257812e-02
1.375737190246582031e-01 1.264333724975585938e-02
1.382060050964355469e-01 1.270270347595214844e-02
1.376562118530273438e-01 1.374602317810058594e-02
1.453197002410888672e-01 1.327705383300781250e-02
1.400871276855468750e-01 1.278614997863769531e-02
1.393237113952636719e-01 1.258873939514160156e-02
1.388430595397949219e-01 1.268506050109863281e-02
