6.612062454223632812e-02 1.414704322814941406e-02
6.541109085083007812e-02 1.484298706054687500e-02
6.107783317565917969e-02 1.014280319213867188e-02
7.756185531616210938e-02 1.016139984130859375e-02
6.074452400207519531e-02 1.011085510253906250e-02
6.165719032287597656e-02 1.097846031188964844e-02
6.334567070007324219e-02 1.047134399414062500e-02
6.111979484558105469e-02 1.006722450256347656e-02
5.955100059509277344e-02 9.944915771484375000e-03
6.071805953979492188e-02 1.012253761291503906e-02
5.957508087158203125e-02 9.917497634887695312e-03
5.973696708679199219e-02 1.009964942932128906e-02
6.020808219909667969e-02 1.023006439208984375e-02
5.968284606933593750e-02 1.010060310363769531e-02
6.001710891723632812e-02 9.950160980224609375e-03
5.992841720581054688e-02 9.928226470947265625e-03
6.027245521545410156e-02 1.011395454406738281e-02
6.010937690734863281e-02 1.008534431457519531e-02
6.009173393249511719e-02 1.000881195068359375e-02
