5.636906623840332031e-02 1.375985145568847656e-02
5.522274971008300781e-02 1.367449760437011719e-02
5.165743827819824219e-02 1.003527641296386719e-02
4.846024513244628906e-02 9.666681289672851562e-03
4.862713813781738281e-02 9.729385375976562500e-03
6.566309928894042969e-02 9.626626968383789062e-03
4.770922660827636719e-02 9.864091873168945312e-03
4.761052131652832031e-02 9.738683700561523438e-03
4.866576194763183594e-02 9.790182113647460938e-03
4.757428169250488281e-02 9.673118591308593750e-03
4.764008522033691406e-02 9.695768356323242188e-03
4.757070541381835938e-02 9.611606597900390625e-03
4.878377914428710938e-02 9.818553924560546875e-03
4.768991470336914062e-02 9.599208831787109375e-03
4.770469665527343750e-02 9.618997573852539062e-03
4.767704010009765625e-02 9.686231613159179688e-03
4.757094383239746094e-02 9.678125381469726562e-03
4.766893386840820312e-02 9.708642959594726562e-03
4.755330085754394531e-02 9.612798690795898438e-03
4.751086235046386719e-02 9.658336639404296875e-03
4.763150215148925781e-02 9.649038314819335938e-03
4.757809638977050781e-02 9.588479995727539062e-03
