6.498861312866210938e-02 1.068282127380371094e-02
6.453156471252441406e-02 1.468539237976074219e-02
6.523418426513671875e-02 1.018595695495605469e-02
6.272745132446289062e-02 1.009511947631835938e-02
6.149840354919433594e-02 9.900808334350585938e-03
6.212186813354492188e-02 9.988784790039062500e-03
6.310772895812988281e-02 1.004076004028320312e-02
6.139850616455078125e-02 9.896516799926757812e-03
6.477284431457519531e-02 1.087212562561035156e-02
6.522369384765625000e-02 1.090621948242187500e-02
6.433796882629394531e-02 1.047682762145996094e-02
6.247353553771972656e-02 1.030898094177246094e-02
6.246948242187500000e-02 1.017904281616210938e-02
6.249475479125976562e-02 1.018023490905761719e-02
6.232357025146484375e-02 1.010656356811523438e-02
6.282424926757812500e-02 1.029276847839355469e-02
