1.309485435485839844e-01 1.666498184204101562e-02
1.250269412994384766e-01 1.207447052001953125e-02
1.226823329925537109e-01 1.212191581726074219e-02
1.218545436859130859e-01 1.202511787414550781e-02
1.222348213195800781e-01 1.217222213745117188e-02
1.205894947052001953e-01 1.218080520629882812e-02
1.209161281585693359e-01 1.219010353088378906e-02
1.208827495574951172e-01 1.196694374084472656e-02
1.224868297576904297e-01 1.219701766967773438e-02
1.208031177520751953e-01 1.190996170043945312e-02
1.206648349761962891e-01 1.193022727966308594e-02
1.204590797424316406e-01 1.183414459228515625e-02
1.242930889129638672e-01 1.297187805175781250e-02
1.246612071990966797e-01 1.239943504333496094e-02
1.221249103546142578e-01 1.199984550476074219e-02
1.217670440673828125e-01 1.213884353637695312e-02
1.205921173095703125e-01 1.203513145446777344e-02
1.201570034027099609e-01 1.187658309936523438e-02
1.203253269195556641e-01 1.180148124694824219e-02
1.199452877044677734e-01 1.223111152648925781e-02
1.207158565521240234e-01 1.204562187194824219e-02
1.201155185699462891e-01 1.220321655273437500e-02
1.204843521118164062e-01 1.195216178894042969e-02
1.206116676330566406e-01 1.203083992004394531e-02
1.220324039459228516e-01 1.191687583923339844e-02
