1.573641300201416016e-01 1.366209983825683594e-02
1.506760120391845703e-01 1.291275024414062500e-02
1.703071594238281250e-01 1.316237449645996094e-02
1.503224372863769531e-01 1.288032531738281250e-02
1.515274047851562500e-01 1.300120353698730469e-02
1.499702930450439453e-01 1.298594474792480469e-02
1.551492214202880859e-01 1.333117485046386719e-02
1.569969654083251953e-01 1.327395439147949219e-02
1.537251472473144531e-01 1.312899589538574219e-02
1.524178981781005859e-01 1.287102699279785156e-02
1.518201828002929688e-01 1.281118392944335938e-02
1.537678241729736328e-01 1.294088363647460938e-02
1.532285213470458984e-01 1.299977302551269531e-02
1.518115997314453125e-01 1.278090476989746094e-02
1.526565551757812500e-01 1.318812370300292969e-02
1.524708271026611328e-01 1.298189163208007812e-02
1.528866291046142578e-01 1.288747787475585938e-02
1.526136398315429688e-01 1.287174224853515625e-02
1.521570682525634766e-01 1.287722587585449219e-02
1.519107818603515625e-01 1.310014724731445312e-02
1.585690975189208984e-01 1.342177391052246094e-02
1.532452106475830078e-01 1.298832893371582031e-02
