3.375029563903808594e-02 3.116369247436523438e-03
3.181195259094238281e-02 3.087997436523437500e-03
3.194689750671386719e-02 3.051042556762695312e-03
3.239226341247558594e-02 3.158330917358398438e-03
3.231406211853027344e-02 3.153800964355468750e-03
3.195405006408691406e-02 3.015041351318359375e-03
3.228020668029785156e-02 3.118038177490234375e-03
3.182291984558105469e-02 3.013849258422851562e-03
3.217029571533203125e-02 3.106594085693359375e-03
3.156256675720214844e-02 3.019094467163085938e-03
3.159832954406738281e-02 3.018856048583984375e-03
3.146696090698242188e-02 2.912521362304687500e-03
3.152394294738769531e-02 2.996921539306640625e-03
3.156352043151855469e-02 3.058195114135742188e-03
3.129243850708007812e-02 2.942323684692382812e-03
3.153777122497558594e-02 3.021478652954101562e-03
3.138661384582519531e-02 3.011226654052734375e-03
3.175091743469238281e-02 3.018617630004882812e-03
