1.367449760437011719e-02 2.525806427001953125e-03
1.346492767333984375e-02 2.476215362548828125e-03
1.334881782531738281e-02 2.465963363647460938e-03
1.399207115173339844e-02 2.570867538452148438e-03
1.401662826538085938e-02 2.569437026977539062e-03
1.402163505554199219e-02 2.620458602905273438e-03
1.340222358703613281e-02 2.488374710083007812e-03
1.384210586547851562e-02 2.583980560302734375e-03
1.394033432006835938e-02 2.619743347167968750e-03
1.366901397705078125e-02 2.558946609497070312e-03
1.346516609191894531e-02 2.476215362548828125e-03
1.442694664001464844e-02 2.702236175537109375e-03
1.448822021484375000e-02 2.708196640014648438e-03
1.428699493408203125e-02 2.708673477172851562e-03
1.428723335266113281e-02 2.695322036743164062e-03
1.437783241271972656e-02 2.710580825805664062e-03
1.438045501708984375e-02 2.679586410522460938e-03
1.375889778137207031e-02 2.608299255371093750e-03
1.437020301818847656e-02 2.717256546020507812e-03
1.427698135375976562e-02 2.730607986450195312e-03
1.432371139526367188e-02 2.707481384277343750e-03
1.436758041381835938e-02 2.719163894653320312e-03
1.446700096130371094e-02 2.715349197387695312e-03
1.390218734741210938e-02 2.639293670654296875e-03
1.445126533508300781e-02 2.732992172241210938e-03
1.430225372314453125e-02 2.716064453125000000e-03
1.430058479309082031e-02 2.701997756958007812e-03
1.447963714599609375e-02 2.717733383178710938e-03
1.445794105529785156e-02 2.735137939453125000e-03
1.430583000183105469e-02 2.711772918701171875e-03
1.380324363708496094e-02 2.610683441162109375e-03
1.338458061218261719e-02 2.481937408447265625e-03
1.341676712036132812e-02 2.525806427001953125e-03
1.388716697692871094e-02 2.569913864135742188e-03
1.324987411499023438e-02 2.455711364746093750e-03
1.399564743041992188e-02 2.579212188720703125e-03
1.336216926574707031e-02 2.476930618286132812e-03
1.355767250061035156e-02 2.475261688232421875e-03
1.386618614196777344e-02 2.624988555908203125e-03
1.407361030578613281e-02 2.606630325317382812e-03
1.339435577392578125e-02 2.501249313354492188e-03
1.392650604248046875e-02 2.591371536254882812e-03
1.322078704833984375e-02 2.501249313354492188e-03
1.390600204467773438e-02 2.583265304565429688e-03
1.334285736083984375e-02 2.510070800781250000e-03
1.400613784790039062e-02 2.582073211669921875e-03
1.330304145812988281e-02 2.460002899169921875e-03
1.342201232910156250e-02 2.518415451049804688e-03
1.404714584350585938e-02 2.573013305664062500e-03
1.397323608398437500e-02 2.586126327514648438e-03
1.349782943725585938e-02 2.508640289306640625e-03
1.353406906127929688e-02 2.510547637939453125e-03
1.347732543945312500e-02 2.475738525390625000e-03
1.351261138916015625e-02 2.468824386596679688e-03
1.392579078674316406e-02 2.579212188720703125e-03
1.333117485046386719e-02 2.511739730834960938e-03
1.323771476745605469e-02 2.455234527587890625e-03
1.276946067810058594e-02 2.471923828125000000e-03
1.346683502197265625e-02 2.484083175659179688e-03
1.344060897827148438e-02 2.467393875122070312e-03
1.374912261962890625e-02 2.568244934082031250e-03
1.362371444702148438e-02 2.629995346069335938e-03
1.403141021728515625e-02 2.556800842285156250e-03
1.395583152770996094e-02 2.612352371215820312e-03
1.322460174560546875e-02 2.464056015014648438e-03
1.399421691894531250e-02 2.651929855346679688e-03
1.335716247558593750e-02 2.474308013916015625e-03
1.362013816833496094e-02 2.716541290283203125e-03
1.477503776550292969e-02 2.832412719726562500e-03
1.440620422363281250e-02 2.589702606201171875e-03
1.367735862731933594e-02 2.682924270629882812e-03
1.385426521301269531e-02 2.577781677246093750e-03
1.373744010925292969e-02 2.570629119873046875e-03
1.418328285217285156e-02 2.631425857543945312e-03
1.421952247619628906e-02 2.686262130737304688e-03
1.378059387207031250e-02 2.575874328613281250e-03
1.355981826782226562e-02 2.462387084960937500e-03
1.322436332702636719e-02 2.467393875122070312e-03
1.398277282714843750e-02 2.579689025878906250e-03
1.381134986877441406e-02 2.583980560302734375e-03
1.399707794189453125e-02 2.549886703491210938e-03
1.401758193969726562e-02 2.595424652099609375e-03
1.347136497497558594e-02 2.474546432495117188e-03
1.349306106567382812e-02 2.529144287109375000e-03
1.330161094665527344e-02 2.468109130859375000e-03
1.321554183959960938e-02 2.462148666381835938e-03
1.330780982971191406e-02 2.461671829223632812e-03
1.326489448547363281e-02 2.464532852172851562e-03
1.354074478149414062e-02 2.518415451049804688e-03
1.346850395202636719e-02 2.472162246704101562e-03
1.352715492248535156e-02 2.464056015014648438e-03
