3.199505805969238281e-02 3.142833709716796875e-03
3.240537643432617188e-02 3.154993057250976562e-03
3.231692314147949219e-02 3.115177154541015625e-03
3.247642517089843750e-02 3.114938735961914062e-03
3.204512596130371094e-02 3.131628036499023438e-03
8.083724975585937500e-02 5.549669265747070312e-03
4.880547523498535156e-02 4.692792892456054688e-03
3.911614418029785156e-02 3.887891769409179688e-03
3.523707389831542969e-02 3.405570983886718750e-03
3.278279304504394531e-02 3.245830535888671875e-03
3.290200233459472656e-02 3.220558166503906250e-03
9.065914154052734375e-02 7.152557373046875000e-03
3.954839706420898438e-02 3.538846969604492188e-03
3.337812423706054688e-02 3.290891647338867188e-03
3.267526626586914062e-02 3.147840499877929688e-03
3.236651420593261719e-02 3.123283386230468750e-03
8.642053604125976562e-02 7.274389266967773438e-03
4.022097587585449219e-02 3.157138824462890625e-03
3.255844116210937500e-02 3.180265426635742188e-03
3.180003166198730469e-02 3.029346466064453125e-03
3.200149536132812500e-02 3.011703491210937500e-03
3.162908554077148438e-02 3.005504608154296875e-03
3.229451179504394531e-02 3.120899200439453125e-03
3.180932998657226562e-02 3.025531768798828125e-03
3.251171112060546875e-02 3.170967102050781250e-03
3.240156173706054688e-02 3.110408782958984375e-03
3.181791305541992188e-02 2.997159957885742188e-03
3.131437301635742188e-02 3.021478652954101562e-03
3.228354454040527344e-02 3.118991851806640625e-03
3.148651123046875000e-02 3.004074096679687500e-03
3.157448768615722656e-02 3.012180328369140625e-03
3.167366981506347656e-02 3.056287765502929688e-03
3.196716308593750000e-02 3.080844879150390625e-03
3.184127807617187500e-02 3.010749816894531250e-03
3.167414665222167969e-02 3.024339675903320312e-03
3.146886825561523438e-02 3.009080886840820312e-03
3.142285346984863281e-02 3.005981445312500000e-03
3.202557563781738281e-02 3.144264221191406250e-03
3.235149383544921875e-02 3.173828125000000000e-03
3.185558319091796875e-02 3.005266189575195312e-03
3.240752220153808594e-02 3.158092498779296875e-03
3.176212310791015625e-02 3.030538558959960938e-03
3.166651725769042969e-02 3.035545349121093750e-03
3.139138221740722656e-02 3.022432327270507812e-03
3.133702278137207031e-02 3.018379211425781250e-03
3.230357170104980469e-02 3.106594085693359375e-03
3.168010711669921875e-02 3.006935119628906250e-03
3.235888481140136719e-02 3.181219100952148438e-03
3.251814842224121094e-02 3.112077713012695312e-03
3.189396858215332031e-02 3.029584884643554688e-03
3.160715103149414062e-02 3.042221069335937500e-03
3.158092498779296875e-02 2.996683120727539062e-03
3.176450729370117188e-02 3.019094467163085938e-03
3.186154365539550781e-02 3.006696701049804688e-03
3.138828277587890625e-02 3.029346466064453125e-03
3.168869018554687500e-02 2.988815307617187500e-03
3.161215782165527344e-02 3.021478652954101562e-03
3.151893615722656250e-02 2.876281738281250000e-03
