6.691718101501464844e-02 1.102733612060546875e-02
6.642627716064453125e-02 1.096415519714355469e-02
6.559634208679199219e-02 1.042389869689941406e-02
6.591916084289550781e-02 1.057767868041992188e-02
6.562232971191406250e-02 1.055693626403808594e-02
6.588888168334960938e-02 1.051688194274902344e-02
6.597518920898437500e-02 1.069593429565429688e-02
6.481003761291503906e-02 4.901933670043945312e-02
6.577730178833007812e-02 1.054787635803222656e-02
6.576609611511230469e-02 1.033782958984375000e-02
6.486558914184570312e-02 1.018333435058593750e-02
6.562352180480957031e-02 1.029801368713378906e-02
6.589865684509277344e-02 1.031994819641113281e-02
6.474137306213378906e-02 1.025247573852539062e-02
6.462311744689941406e-02 1.023197174072265625e-02
6.582522392272949219e-02 1.047420501708984375e-02
6.453466415405273438e-02 1.024341583251953125e-02
6.450843811035156250e-02 1.018476486206054688e-02
6.629419326782226562e-02 1.151943206787109375e-02
6.793570518493652344e-02 1.100826263427734375e-02
6.651830673217773438e-02 1.074051856994628906e-02
6.472182273864746094e-02 1.040387153625488281e-02
6.466889381408691406e-02 1.035976409912109375e-02
6.483221054077148438e-02 1.026415824890136719e-02
6.453299522399902344e-02 1.015663146972656250e-02
