6.554675102233886719e-02 1.051998138427734375e-02
6.311655044555664062e-02 1.045489311218261719e-02
6.277418136596679688e-02 1.056122779846191406e-02
6.243681907653808594e-02 1.046872138977050781e-02
6.070899963378906250e-02 1.005983352661132812e-02
6.173491477966308594e-02 1.022815704345703125e-02
6.190872192382812500e-02 1.015210151672363281e-02
6.058478355407714844e-02 9.909868240356445312e-03
6.051540374755859375e-02 9.918928146362304688e-03
6.067085266113281250e-02 1.013851165771484375e-02
6.046009063720703125e-02 1.009988784790039062e-02
6.087017059326171875e-02 1.013755798339843750e-02
6.068348884582519531e-02 9.989023208618164062e-03
6.089401245117187500e-02 1.016712188720703125e-02
6.076264381408691406e-02 9.956836700439453125e-03
6.078076362609863281e-02 1.002240180969238281e-02
