5.562281608581542969e-02 1.368951797485351562e-02
5.319643020629882812e-02 1.020193099975585938e-02
5.209946632385253906e-02 9.650707244873046875e-03
5.219674110412597656e-02 9.969711303710937500e-03
5.198597908020019531e-02 9.837865829467773438e-03
5.177569389343261719e-02 9.803771972656250000e-03
5.285000801086425781e-02 9.911298751831054688e-03
5.234527587890625000e-02 9.788036346435546875e-03
5.226969718933105469e-02 9.710311889648437500e-03
5.286049842834472656e-02 9.701728820800781250e-03
5.135393142700195312e-02 9.634733200073242188e-03
5.177044868469238281e-02 9.618997573852539062e-03
5.208158493041992188e-02 9.670257568359375000e-03
7.304120063781738281e-02 1.060342788696289062e-02
5.141067504882812500e-02 9.534597396850585938e-03
5.141186714172363281e-02 9.626626968383789062e-03
5.165219306945800781e-02 9.712219238281250000e-03
5.185675621032714844e-02 9.689569473266601562e-03
5.156517028808593750e-02 9.587287902832031250e-03
5.604004859924316406e-02 1.050209999084472656e-02
5.408692359924316406e-02 1.022982597351074219e-02
5.266284942626953125e-02 9.774923324584960938e-03
5.166792869567871094e-02 9.578227996826171875e-03
5.174493789672851562e-02 9.703397750854492188e-03
5.120468139648437500e-02 9.696245193481445312e-03
5.314326286315917969e-02 9.862184524536132812e-03
5.123567581176757812e-02 9.857177734375000000e-03
5.170583724975585938e-02 9.716033935546875000e-03
5.243921279907226562e-02 9.619474411010742188e-03
5.267071723937988281e-02 9.797573089599609375e-03
5.135226249694824219e-02 9.699583053588867188e-03
5.153560638427734375e-02 9.632587432861328125e-03
5.267405509948730469e-02 9.836673736572265625e-03
5.152821540832519531e-02 9.512186050415039062e-03
5.148100852966308594e-02 9.691238403320312500e-03
5.165147781372070312e-02 9.685277938842773438e-03
5.148959159851074219e-02 9.575843811035156250e-03
5.164551734924316406e-02 9.634733200073242188e-03
5.135583877563476562e-02 9.633064270019531250e-03
5.204463005065917969e-02 9.613752365112304688e-03
5.170416831970214844e-02 9.654521942138671875e-03
5.251574516296386719e-02 9.739875793457031250e-03
5.132269859313964844e-02 9.541988372802734375e-03
5.164170265197753906e-02 9.672164916992187500e-03
5.162715911865234375e-02 9.681940078735351562e-03
5.280637741088867188e-02 9.639501571655273438e-03
5.154418945312500000e-02 9.673118591308593750e-03
5.173921585083007812e-02 9.600639343261718750e-03
5.152082443237304688e-02 9.657144546508789062e-03
5.173110961914062500e-02 9.646892547607421875e-03
5.165052413940429688e-02 9.761810302734375000e-03
5.153131484985351562e-02 9.705543518066406250e-03
5.151867866516113281e-02 9.576797485351562500e-03
5.155873298645019531e-02 9.589433670043945312e-03
5.178380012512207031e-02 9.587526321411132812e-03
