3.495526313781738281e-02 3.094911575317382812e-03
3.565716743469238281e-02 3.145933151245117188e-03
3.550791740417480469e-02 3.156900405883789062e-03
3.548502922058105469e-02 3.150939941406250000e-03
3.554844856262207031e-02 3.161191940307617188e-03
3.556013107299804688e-02 3.150701522827148438e-03
3.556442260742187500e-02 3.187417984008789062e-03
3.564095497131347656e-02 3.156900405883789062e-03
3.516149520874023438e-02 3.105401992797851562e-03
3.495097160339355469e-02 3.055572509765625000e-03
3.569507598876953125e-02 3.277063369750976562e-03
3.596901893615722656e-02 3.180027008056640625e-03
3.588628768920898438e-02 3.131628036499023438e-03
3.696990013122558594e-02 3.297090530395507812e-03
3.618192672729492188e-02 3.109693527221679688e-03
3.678965568542480469e-02 3.248214721679687500e-03
3.686976432800292969e-02 3.237962722778320312e-03
3.596782684326171875e-02 3.103256225585937500e-03
3.569388389587402344e-02 3.077268600463867188e-03
3.583860397338867188e-02 3.188371658325195312e-03
3.571486473083496094e-02 3.032684326171875000e-03
3.614330291748046875e-02 3.166198730468750000e-03
3.610253334045410156e-02 3.147363662719726562e-03
3.574848175048828125e-02 3.130912780761718750e-03
3.599667549133300781e-02 3.191947937011718750e-03
8.688426017761230469e-02 4.876613616943359375e-03
3.863096237182617188e-02 3.118038177490234375e-03
3.694677352905273438e-02 3.240823745727539062e-03
3.605079650878906250e-02 3.142595291137695312e-03
3.602933883666992188e-02 3.082036972045898438e-03
3.609228134155273438e-02 3.143787384033203125e-03
3.620195388793945312e-02 3.190517425537109375e-03
3.587007522583007812e-02 3.140926361083984375e-03
3.589057922363281250e-02 3.116846084594726562e-03
3.577923774719238281e-02 3.130912780761718750e-03
3.577852249145507812e-02 3.109216690063476562e-03
3.578138351440429688e-02 3.062248229980468750e-03
