1.887464523315429688e-02 2.761125564575195312e-03
1.892352104187011719e-02 2.791881561279296875e-03
1.907682418823242188e-02 2.769231796264648438e-03
1.889514923095703125e-02 2.781629562377929688e-03
1.899671554565429688e-02 2.835512161254882812e-03
1.896500587463378906e-02 2.829551696777343750e-03
1.912426948547363281e-02 2.792358398437500000e-03
1.893401145935058594e-02 2.806186676025390625e-03
1.896691322326660156e-02 2.828836441040039062e-03
1.882219314575195312e-02 2.767562866210937500e-03
1.913666725158691406e-02 2.792358398437500000e-03
1.893615722656250000e-02 2.799987792968750000e-03
1.887202262878417969e-02 2.830505371093750000e-03
1.891636848449707031e-02 2.780675888061523438e-03
1.904916763305664062e-02 2.764225006103515625e-03
1.896953582763671875e-02 2.804040908813476562e-03
1.903939247131347656e-02 2.842903137207031250e-03
1.921296119689941406e-02 2.835988998413085938e-03
1.908659934997558594e-02 2.834320068359375000e-03
1.832342147827148438e-02 2.715826034545898438e-03
1.817226409912109375e-02 2.610206604003906250e-03
1.811122894287109375e-02 2.625226974487304688e-03
1.799607276916503906e-02 2.610206604003906250e-03
1.842999458312988281e-02 2.706527709960937500e-03
1.820397377014160156e-02 2.642631530761718750e-03
1.814961433410644531e-02 2.605915069580078125e-03
1.820731163024902344e-02 2.602815628051757812e-03
1.823282241821289062e-02 2.596378326416015625e-03
1.883172988891601562e-02 2.753496170043945312e-03
1.900482177734375000e-02 2.783298492431640625e-03
1.904797554016113281e-02 2.755880355834960938e-03
1.881384849548339844e-02 2.823591232299804688e-03
1.828169822692871094e-02 2.733469009399414062e-03
1.882362365722656250e-02 2.753019332885742188e-03
1.905083656311035156e-02 2.794504165649414062e-03
1.891112327575683594e-02 2.813577651977539062e-03
1.813602447509765625e-02 2.700090408325195312e-03
1.955437660217285156e-02 2.938508987426757812e-03
2.017879486083984375e-02 2.906084060668945312e-03
1.904392242431640625e-02 2.888202667236328125e-03
1.922297477722167969e-02 2.898931503295898438e-03
1.869988441467285156e-02 2.770185470581054688e-03
1.869583129882812500e-02 2.776622772216796875e-03
1.871418952941894531e-02 2.731561660766601562e-03
1.852297782897949219e-02 2.739191055297851562e-03
1.853919029235839844e-02 2.729177474975585938e-03
1.843476295471191406e-02 2.743005752563476562e-03
3.473305702209472656e-02 3.373146057128906250e-03
1.918101310729980469e-02 2.803325653076171875e-03
1.823115348815917969e-02 2.606153488159179688e-03
1.835227012634277344e-02 2.602100372314453125e-03
1.818442344665527344e-02 2.639532089233398438e-03
1.816082000732421875e-02 2.646207809448242188e-03
1.815748214721679688e-02 2.648830413818359375e-03
1.825475692749023438e-02 2.583980560302734375e-03
1.818561553955078125e-02 2.616882324218750000e-03
1.812601089477539062e-02 2.629995346069335938e-03
1.825284957885742188e-02 2.625942230224609375e-03
