1.895093917846679688e-02 2.787590026855468750e-03
5.615568161010742188e-02 3.874540328979492188e-03
2.213168144226074219e-02 3.196001052856445312e-03
2.107644081115722656e-02 3.134489059448242188e-03
1.846981048583984375e-02 2.639055252075195312e-03
1.903629302978515625e-02 2.764463424682617188e-03
1.837730407714843750e-02 2.609491348266601562e-03
1.838493347167968750e-02 2.596378326416015625e-03
1.833009719848632812e-02 2.608060836791992188e-03
1.808714866638183594e-02 2.606868743896484375e-03
1.824474334716796875e-02 2.646923065185546875e-03
1.858401298522949219e-02 2.626657485961914062e-03
1.908564567565917969e-02 2.790451049804687500e-03
1.835966110229492188e-02 2.673864364624023438e-03
1.894235610961914062e-02 2.795457839965820312e-03
1.830220222473144531e-02 2.645254135131835938e-03
1.827192306518554688e-02 2.643108367919921875e-03
1.812481880187988281e-02 2.603054046630859375e-03
1.811289787292480469e-02 2.613067626953125000e-03
1.833653450012207031e-02 2.638816833496093750e-03
1.809644699096679688e-02 2.656936645507812500e-03
1.814985275268554688e-02 2.667903900146484375e-03
1.847338676452636719e-02 2.607822418212890625e-03
1.809668540954589844e-02 2.762556076049804688e-03
1.824569702148437500e-02 2.633571624755859375e-03
1.813149452209472656e-02 2.594470977783203125e-03
1.829099655151367188e-02 2.594709396362304688e-03
