8.026027679443359375e-02 1.115751266479492188e-02
7.953643798828125000e-02 1.111459732055664062e-02
7.711052894592285156e-02 1.055431365966796875e-02
7.819962501525878906e-02 1.063680648803710938e-02
7.782435417175292969e-02 1.066398620605468750e-02
7.787704467773437500e-02 1.064491271972656250e-02
7.788443565368652344e-02 1.069402694702148438e-02
7.816481590270996094e-02 1.102471351623535156e-02
7.773137092590332031e-02 1.078748703002929688e-02
7.806992530822753906e-02 1.061081886291503906e-02
9.672117233276367188e-02 1.062774658203125000e-02
7.794904708862304688e-02 1.057457923889160156e-02
7.784771919250488281e-02 1.066875457763671875e-02
7.766866683959960938e-02 1.080012321472167969e-02
9.691238403320312500e-02 1.080536842346191406e-02
7.814002037048339844e-02 1.068711280822753906e-02
7.667636871337890625e-02 1.054883003234863281e-02
7.689595222473144531e-02 1.041078567504882812e-02
8.213043212890625000e-02 1.110696792602539062e-02
7.886338233947753906e-02 1.082658767700195312e-02
7.792663574218750000e-02 5.273771286010742188e-02
7.722687721252441406e-02 1.067256927490234375e-02
7.615995407104492188e-02 1.063799858093261719e-02
7.655024528503417969e-02 1.066470146179199219e-02
7.651853561401367188e-02 1.052761077880859375e-02
7.607436180114746094e-02 1.066112518310546875e-02
7.635283470153808594e-02 1.055884361267089844e-02
7.636857032775878906e-02 1.056694984436035156e-02
7.640457153320312500e-02 1.059150695800781250e-02
7.630968093872070312e-02 1.051354408264160156e-02
