8.145236968994140625e-02 1.114773750305175781e-02
8.638882637023925781e-02 1.086568832397460938e-02
7.763409614562988281e-02 1.079964637756347656e-02
7.791829109191894531e-02 1.069712638854980469e-02
7.799816131591796875e-02 1.073741912841796875e-02
7.812333106994628906e-02 1.087689399719238281e-02
7.790541648864746094e-02 1.067781448364257812e-02
7.770967483520507812e-02 1.087903976440429688e-02
7.789421081542968750e-02 1.065421104431152344e-02
9.348440170288085938e-02 1.050829887390136719e-02
7.769560813903808594e-02 1.089286804199218750e-02
7.894611358642578125e-02 1.116728782653808594e-02
7.592654228210449219e-02 1.118564605712890625e-02
7.430839538574218750e-02 1.071763038635253906e-02
7.394456863403320312e-02 1.061296463012695312e-02
7.426857948303222656e-02 1.070713996887207031e-02
7.430338859558105469e-02 1.060700416564941406e-02
7.395911216735839844e-02 1.060533523559570312e-02
9.306955337524414062e-02 1.084208488464355469e-02
7.425498962402343750e-02 1.084709167480468750e-02
7.382369041442871094e-02 1.081609725952148438e-02
7.400918006896972656e-02 1.090312004089355469e-02
9.084677696228027344e-02 1.079940795898437500e-02
7.279348373413085938e-02 1.052165031433105469e-02
7.268714904785156250e-02 1.044750213623046875e-02
7.273840904235839844e-02 1.053023338317871094e-02
7.401442527770996094e-02 1.094937324523925781e-02
9.098076820373535156e-02 1.104569435119628906e-02
7.279419898986816406e-02 1.060962677001953125e-02
7.272028923034667969e-02 1.059985160827636719e-02
7.279467582702636719e-02 1.063013076782226562e-02
7.272315025329589844e-02 1.056289672851562500e-02
7.271623611450195312e-02 5.005311965942382812e-02
7.373046875000000000e-02 1.047658920288085938e-02
7.283663749694824219e-02 1.044416427612304688e-02
7.278943061828613281e-02 1.066279411315917969e-02
7.809829711914062500e-02 1.129150390625000000e-02
