1.252353191375732422e-01 1.273894309997558594e-02
1.253316402435302734e-01 1.195621490478515625e-02
1.231784820556640625e-01 1.230573654174804688e-02
1.235389709472656250e-01 1.223015785217285156e-02
1.380355358123779297e-01 1.284742355346679688e-02
1.245965957641601562e-01 1.237154006958007812e-02
1.234436035156250000e-01 1.218485832214355469e-02
1.431720256805419922e-01 1.227068901062011719e-02
1.224088668823242188e-01 1.200413703918457031e-02
1.218340396881103516e-01 1.202535629272460938e-02
1.458525657653808594e-01 1.253104209899902344e-02
1.235640048980712891e-01 1.222562789916992188e-02
1.239740848541259766e-01 1.217913627624511719e-02
1.224892139434814453e-01 1.201248168945312500e-02
1.221125125885009766e-01 1.204395294189453125e-02
1.221284866333007812e-01 1.196646690368652344e-02
1.224899291992187500e-01 1.202630996704101562e-02
1.219263076782226562e-01 1.224112510681152344e-02
1.217656135559082031e-01 1.219868659973144531e-02
1.224579811096191406e-01 1.218366622924804688e-02
1.270143985748291016e-01 1.282238960266113281e-02
1.241359710693359375e-01 1.235389709472656250e-02
1.218681335449218750e-01 1.230740547180175781e-02
1.207380294799804688e-01 1.205897331237792969e-02
1.207888126373291016e-01 1.203393936157226562e-02
1.208543777465820312e-01 1.198935508728027344e-02
1.207315921783447266e-01 1.195812225341796875e-02
1.212122440338134766e-01 1.221394538879394531e-02
1.206798553466796875e-01 1.217627525329589844e-02
1.215531826019287109e-01 1.224207878112792969e-02
1.220717430114746094e-01 1.218819618225097656e-02
1.218183040618896484e-01 1.221871376037597656e-02
