3.117823600769042969e-02 3.033399581909179688e-03
3.076648712158203125e-02 2.946138381958007812e-03
3.151202201843261719e-02 3.084182739257812500e-03
1.418540477752685547e-01 9.719610214233398438e-03
4.285836219787597656e-02 3.787994384765625000e-03
3.813004493713378906e-02 3.790378570556640625e-03
3.806114196777343750e-02 3.808259963989257812e-03
1.323308944702148438e-01 9.562492370605468750e-03
4.257512092590332031e-02 3.785133361816406250e-03
8.165001869201660156e-02 6.713867187500000000e-03
4.053616523742675781e-02 3.681659698486328125e-03
3.480339050292968750e-02 3.418207168579101562e-03
3.488087654113769531e-02 3.422260284423828125e-03
3.480768203735351562e-02 3.441810607910156250e-03
3.470015525817871094e-02 3.432273864746093750e-03
3.478384017944335938e-02 3.414154052734375000e-03
3.468942642211914062e-02 3.418922424316406250e-03
3.483653068542480469e-02 3.419160842895507812e-03
3.189635276794433594e-02 3.062486648559570312e-03
3.234887123107910156e-02 3.180027008056640625e-03
3.199505805969238281e-02 3.079891204833984375e-03
3.249859809875488281e-02 3.168821334838867188e-03
3.396940231323242188e-02 3.332376480102539062e-03
3.150367736816406250e-02 3.024101257324218750e-03
3.092956542968750000e-02 2.971410751342773438e-03
3.082060813903808594e-02 2.938508987426757812e-03
3.087711334228515625e-02 2.928495407104492188e-03
3.151059150695800781e-02 3.021478652954101562e-03
3.170275688171386719e-02 3.066539764404296875e-03
3.116106986999511719e-02 2.968549728393554688e-03
3.157591819763183594e-02 3.065824508666992188e-03
3.099131584167480469e-02 2.961874008178710938e-03
3.078341484069824219e-02 2.913475036621093750e-03
3.060960769653320312e-02 2.910614013671875000e-03
3.075718879699707031e-02 2.928018569946289062e-03
3.080725669860839844e-02 2.928495407104492188e-03
3.091168403625488281e-02 2.931594848632812500e-03
3.085088729858398438e-02 2.902507781982421875e-03
3.072834014892578125e-02 2.906560897827148438e-03
3.067636489868164062e-02 2.917766571044921875e-03
