3.096961975097656250e-02 2.967357635498046875e-03
3.112125396728515625e-02 3.032922744750976562e-03
3.118824958801269531e-02 3.012657165527343750e-03
3.039360046386718750e-02 2.948284149169921875e-03
3.057217597961425781e-02 2.929210662841796875e-03
3.043150901794433594e-02 2.909183502197265625e-03
3.039884567260742188e-02 2.920150756835937500e-03
3.012537956237792969e-02 2.911806106567382812e-03
3.051424026489257812e-02 2.906799316406250000e-03
3.051018714904785156e-02 2.957582473754882812e-03
3.041505813598632812e-02 2.926588058471679688e-03
3.052067756652832031e-02 2.916097640991210938e-03
3.037381172180175781e-02 2.923965454101562500e-03
