1.710872650146484375e-01 1.636838912963867188e-02
1.533536911010742188e-01 1.302576065063476562e-02
1.536674499511718750e-01 1.304650306701660156e-02
1.535484790802001953e-01 1.349449157714843750e-02
1.533045768737792969e-01 1.301836967468261719e-02
1.542189121246337891e-01 1.310205459594726562e-02
1.543812751770019531e-01 1.311922073364257812e-02
1.522119045257568359e-01 1.296257972717285156e-02
1.535155773162841797e-01 1.342153549194335938e-02
1.543607711791992188e-01 1.404356956481933594e-02
1.594622135162353516e-01 1.352286338806152344e-02
1.530816555023193359e-01 1.293611526489257812e-02
1.536803245544433594e-01 1.307296752929687500e-02
1.522393226623535156e-01 1.299977302551269531e-02
1.539316177368164062e-01 1.300334930419921875e-02
1.733820438385009766e-01 1.311421394348144531e-02
1.519062519073486328e-01 1.294040679931640625e-02
1.540007591247558594e-01 1.309132575988769531e-02
1.526088714599609375e-01 1.310896873474121094e-02
1.521272659301757812e-01 1.288843154907226562e-02
1.527745723724365234e-01 1.302099227905273438e-02
1.522152423858642578e-01 1.299810409545898438e-02
1.520473957061767578e-01 1.291751861572265625e-02
1.583707332611083984e-01 1.361656188964843750e-02
1.533095836639404297e-01 1.295590400695800781e-02
1.526033878326416016e-01 1.299381256103515625e-02
1.526396274566650391e-01 1.296949386596679688e-02
