1.423907279968261719e-02 2.534866333007812500e-03
7.161593437194824219e-02 5.890369415283203125e-03
2.051258087158203125e-02 3.512144088745117188e-03
1.746535301208496094e-02 3.249883651733398438e-03
1.584291458129882812e-02 2.962827682495117188e-03
1.591515541076660156e-02 2.960205078125000000e-03
1.590490341186523438e-02 2.956867218017578125e-03
1.485776901245117188e-02 2.748489379882812500e-03
1.484441757202148438e-02 2.737283706665039062e-03
1.421046257019042969e-02 2.652645111083984375e-03
1.485991477966308594e-02 2.743482589721679688e-03
1.411032676696777344e-02 2.650022506713867188e-03
1.480650901794433594e-02 2.748966217041015625e-03
1.425743103027343750e-02 2.655982971191406250e-03
1.492118835449218750e-02 2.739667892456054688e-03
1.486063003540039062e-02 2.744913101196289062e-03
1.486444473266601562e-02 2.740383148193359375e-03
1.490139961242675781e-02 2.732038497924804688e-03
1.435995101928710938e-02 2.630472183227539062e-03
1.487064361572265625e-02 2.723693847656250000e-03
1.423311233520507812e-02 2.655029296875000000e-03
4.408097267150878906e-02 5.732059478759765625e-03
2.168130874633789062e-02 3.462791442871093750e-03
1.683592796325683594e-02 3.155231475830078125e-03
1.736617088317871094e-02 3.254413604736328125e-03
1.735234260559082031e-02 3.231763839721679688e-03
1.456093788146972656e-02 2.565145492553710938e-03
4.864573478698730469e-02 6.337404251098632812e-03
2.207684516906738281e-02 3.628730773925781250e-03
1.570606231689453125e-02 2.581119537353515625e-03
1.453447341918945312e-02 2.645492553710937500e-03
1.496934890747070312e-02 2.669095993041992188e-03
1.465487480163574219e-02 2.656459808349609375e-03
1.391124725341796875e-02 2.540826797485351562e-03
1.511859893798828125e-02 2.848386764526367188e-03
1.466131210327148438e-02 2.756357192993164062e-03
1.471829414367675781e-02 2.675533294677734375e-03
1.412153244018554688e-02 2.617835998535156250e-03
1.367282867431640625e-02 2.551317214965820312e-03
1.340222358703613281e-02 2.548694610595703125e-03
1.449227333068847656e-02 2.696514129638671875e-03
1.536655426025390625e-02 3.203630447387695312e-03
1.641869544982910156e-02 3.136634826660156250e-03
1.633262634277343750e-02 3.105878829956054688e-03
1.631879806518554688e-02 3.091096878051757812e-03
1.633381843566894531e-02 3.103971481323242188e-03
1.517343521118164062e-02 2.787828445434570312e-03
1.365137100219726562e-02 2.477407455444335938e-03
1.330924034118652344e-02 2.475500106811523438e-03
1.325511932373046875e-02 2.451419830322265625e-03
1.320171356201171875e-02 2.468109130859375000e-03
