3.972125053405761719e-02 3.266334533691406250e-03
4.004859924316406250e-02 3.285646438598632812e-03
3.982543945312500000e-02 3.359317779541015625e-03
3.985047340393066406e-02 3.289461135864257812e-03
3.925824165344238281e-02 3.195762634277343750e-03
3.916788101196289062e-02 3.205299377441406250e-03
4.007863998413085938e-02 3.356456756591796875e-03
3.933072090148925781e-02 3.222465515136718750e-03
3.926753997802734375e-02 3.223896026611328125e-03
3.923869132995605469e-02 3.225326538085937500e-03
3.917980194091796875e-02 3.199577331542968750e-03
3.973007202148437500e-02 3.324031829833984375e-03
3.934121131896972656e-02 3.186225891113281250e-03
3.922128677368164062e-02 3.194332122802734375e-03
3.930830955505371094e-02 3.191232681274414062e-03
3.947162628173828125e-02 3.186464309692382812e-03
3.924846649169921875e-02 3.197669982910156250e-03
3.908967971801757812e-02 3.186941146850585938e-03
3.917932510375976562e-02 3.228187561035156250e-03
3.930664062500000000e-02 3.194332122802734375e-03
4.082584381103515625e-02 3.499269485473632812e-03
