4.025578498840332031e-02 3.259181976318359375e-03
3.992629051208496094e-02 3.330469131469726562e-03
4.034829139709472656e-02 3.320217132568359375e-03
4.018545150756835938e-02 3.271341323852539062e-03
3.984189033508300781e-02 3.278970718383789062e-03
4.017448425292968750e-02 3.292798995971679688e-03
3.987360000610351562e-02 3.336191177368164062e-03
4.027724266052246094e-02 3.270864486694335938e-03
4.000449180603027344e-02 3.312587738037109375e-03
3.938269615173339844e-02 3.202676773071289062e-03
4.017663002014160156e-02 3.328084945678710938e-03
3.981924057006835938e-02 3.282785415649414062e-03
4.042768478393554688e-02 3.336191177368164062e-03
3.994083404541015625e-02 3.312349319458007812e-03
4.021716117858886719e-02 3.267765045166015625e-03
3.996872901916503906e-02 3.289222717285156250e-03
4.039740562438964844e-02 3.331661224365234375e-03
3.998255729675292969e-02 3.343105316162109375e-03
4.004979133605957031e-02 3.317594528198242188e-03
4.020285606384277344e-02 3.283500671386718750e-03
3.937435150146484375e-02 3.186941146850585938e-03
3.935265541076660156e-02 3.191232681274414062e-03
3.936266899108886719e-02 3.181934356689453125e-03
3.946566581726074219e-02 3.201961517333984375e-03
3.927564620971679688e-02 3.231048583984375000e-03
3.926944732666015625e-02 3.191232681274414062e-03
3.922724723815917969e-02 3.179788589477539062e-03
3.935170173645019531e-02 3.191947937011718750e-03
3.923416137695312500e-02 3.189086914062500000e-03
