4.133820533752441406e-02 3.371238708496093750e-03
4.118108749389648438e-02 3.412723541259765625e-03
4.116368293762207031e-02 3.398656845092773438e-03
4.120469093322753906e-02 3.422737121582031250e-03
4.122924804687500000e-02 3.409862518310546875e-03
4.141592979431152344e-02 3.424167633056640625e-03
4.153776168823242188e-02 3.410577774047851562e-03
4.153084754943847656e-02 3.365993499755859375e-03
4.126596450805664062e-02 3.375530242919921875e-03
4.118561744689941406e-02 3.398895263671875000e-03
4.015445709228515625e-02 3.332853317260742188e-03
4.023027420043945312e-02 3.175258636474609375e-03
4.029178619384765625e-02 3.182411193847656250e-03
4.010939598083496094e-02 3.195285797119140625e-03
4.026889801025390625e-02 3.218650817871093750e-03
4.017877578735351562e-02 3.169298171997070312e-03
4.025721549987792969e-02 3.173589706420898438e-03
4.286313056945800781e-02 3.691196441650390625e-03
4.180455207824707031e-02 3.468751907348632812e-03
