1.384520530700683594e-02 2.601385116577148438e-03
1.373243331909179688e-02 2.563476562500000000e-03
1.423883438110351562e-02 2.627134323120117188e-03
1.428318023681640625e-02 2.654790878295898438e-03
1.374769210815429688e-02 2.525568008422851562e-03
1.385116577148437500e-02 2.500295639038085938e-03
1.374554634094238281e-02 2.501726150512695312e-03
1.356124877929687500e-02 2.505540847778320312e-03
1.339244842529296875e-02 2.489566802978515625e-03
3.613734245300292969e-02 6.312847137451171875e-03
2.203798294067382812e-02 3.140211105346679688e-03
1.449275016784667969e-02 2.503871917724609375e-03
1.420044898986816406e-02 2.602815628051757812e-03
1.367616653442382812e-02 2.501010894775390625e-03
1.371645927429199219e-02 2.502202987670898438e-03
1.390957832336425781e-02 2.540588378906250000e-03
1.372218132019042969e-02 2.512693405151367188e-03
1.365995407104492188e-02 2.497673034667968750e-03
1.327443122863769531e-02 2.488613128662109375e-03
1.338052749633789062e-02 2.503633499145507812e-03
1.351571083068847656e-02 2.504587173461914062e-03
1.354861259460449219e-02 2.500295639038085938e-03
