1.057877540588378906e-01 1.201987266540527344e-02
1.044201850891113281e-01 1.233696937561035156e-02
1.042461395263671875e-01 1.137614250183105469e-02
1.044497489929199219e-01 1.148009300231933594e-02
1.042184829711914062e-01 1.162719726562500000e-02
1.851816177368164062e-01 1.774740219116210938e-02
1.042766571044921875e-01 1.153326034545898438e-02
1.038386821746826172e-01 1.156830787658691406e-02
1.034529209136962891e-01 1.287770271301269531e-02
1.067326068878173828e-01 1.199364662170410156e-02
1.043493747711181641e-01 1.140403747558593750e-02
1.043856143951416016e-01 1.138567924499511719e-02
1.031963825225830078e-01 1.125574111938476562e-02
1.030297279357910156e-01 1.127362251281738281e-02
1.037375926971435547e-01 1.142692565917968750e-02
1.030082702636718750e-01 1.131510734558105469e-02
1.033036708831787109e-01 1.136445999145507812e-02
1.035254001617431641e-01 1.155757904052734375e-02
1.026144027709960938e-01 1.134228706359863281e-02
1.031095981597900391e-01 1.133060455322265625e-02
1.017365455627441406e-01 1.124262809753417969e-02
1.025571823120117188e-01 1.132750511169433594e-02
1.026082038879394531e-01 1.126861572265625000e-02
1.026141643524169922e-01 1.126217842102050781e-02
