7.188272476196289062e-02 1.081013679504394531e-02
7.353639602661132812e-02 1.461863517761230469e-02
6.909704208374023438e-02 1.025032997131347656e-02
7.076930999755859375e-02 1.054406166076660156e-02
7.036399841308593750e-02 1.038885116577148438e-02
7.036375999450683594e-02 1.038908958435058594e-02
7.041788101196289062e-02 1.036810874938964844e-02
6.933879852294921875e-02 1.044034957885742188e-02
6.899642944335937500e-02 1.035785675048828125e-02
6.905150413513183594e-02 1.049518585205078125e-02
6.909394264221191406e-02 1.038193702697753906e-02
6.925725936889648438e-02 1.038837432861328125e-02
6.925868988037109375e-02 1.038265228271484375e-02
6.932353973388671875e-02 1.037406921386718750e-02
6.929945945739746094e-02 1.036715507507324219e-02
6.921982765197753906e-02 1.051425933837890625e-02
6.954050064086914062e-02 1.036119461059570312e-02
