1.323163509368896484e-01 1.269555091857910156e-02
1.206164360046386719e-01 1.186323165893554688e-02
1.208012104034423828e-01 1.212453842163085938e-02
1.192827224731445312e-01 1.213383674621582031e-02
1.194863319396972656e-01 1.219487190246582031e-02
1.184782981872558594e-01 1.199960708618164062e-02
1.180927753448486328e-01 1.200008392333984375e-02
1.170461177825927734e-01 1.180076599121093750e-02
1.167044639587402344e-01 1.184511184692382812e-02
1.168084144592285156e-01 1.177048683166503906e-02
1.165363788604736328e-01 1.199841499328613281e-02
1.165792942047119141e-01 1.187467575073242188e-02
1.173474788665771484e-01 1.195383071899414062e-02
1.172869205474853516e-01 1.189708709716796875e-02
1.169047355651855469e-01 1.176738739013671875e-02
1.165111064910888672e-01 1.179766654968261719e-02
