1.914477348327636719e-02 2.745866775512695312e-03
1.903223991394042969e-02 2.845287322998046875e-03
1.902174949645996094e-02 2.780437469482421875e-03
1.917409896850585938e-02 2.804279327392578125e-03
1.904988288879394531e-02 2.771854400634765625e-03
1.925539970397949219e-02 2.787113189697265625e-03
1.900243759155273438e-02 2.787113189697265625e-03
1.918768882751464844e-02 2.795934677124023438e-03
1.834559440612792969e-02 2.705097198486328125e-03
1.921653747558593750e-02 2.791166305541992188e-03
1.927614212036132812e-02 2.832889556884765625e-03
1.920008659362792969e-02 2.837896347045898438e-03
1.846957206726074219e-02 2.727270126342773438e-03
1.891970634460449219e-02 2.817630767822265625e-03
1.850199699401855469e-02 2.603530883789062500e-03
1.831698417663574219e-02 2.595901489257812500e-03
1.812601089477539062e-02 2.631187438964843750e-03
1.818680763244628906e-02 2.622127532958984375e-03
1.822519302368164062e-02 2.597093582153320312e-03
1.825737953186035156e-02 2.602815628051757812e-03
1.828575134277343750e-02 2.632617950439453125e-03
1.835703849792480469e-02 2.664327621459960938e-03
1.840138435363769531e-02 2.598047256469726562e-03
