5.327701568603515625e-02 1.016044616699218750e-02
5.284833908081054688e-02 1.005363464355468750e-02
5.151772499084472656e-02 9.855508804321289062e-03
1.285934448242187500e-01 1.666617393493652344e-02
5.408859252929687500e-02 9.822130203247070312e-03
5.266046524047851562e-02 9.787797927856445312e-03
5.103373527526855469e-02 9.732007980346679688e-03
8.251690864562988281e-02 1.214861869812011719e-02
5.222487449645996094e-02 9.758234024047851562e-03
5.273199081420898438e-02 9.944438934326171875e-03
5.195617675781250000e-02 9.807109832763671875e-03
5.164694786071777344e-02 9.774923324584960938e-03
5.256772041320800781e-02 9.806632995605468750e-03
5.211043357849121094e-02 9.826183319091796875e-03
5.208134651184082031e-02 9.830474853515625000e-03
5.245661735534667969e-02 9.860992431640625000e-03
5.161738395690917969e-02 9.820699691772460938e-03
5.225253105163574219e-02 9.819984436035156250e-03
5.226397514343261719e-02 9.814262390136718750e-03
5.132174491882324219e-02 9.709119796752929688e-03
5.055379867553710938e-02 9.712696075439453125e-03
5.078482627868652344e-02 9.723186492919921875e-03
8.084654808044433594e-02 1.059818267822265625e-02
5.391764640808105469e-02 1.004385948181152344e-02
5.233764648437500000e-02 1.008367538452148438e-02
5.243611335754394531e-02 9.922027587890625000e-03
5.033755302429199219e-02 9.664058685302734375e-03
5.100059509277343750e-02 9.780883789062500000e-03
5.139064788818359375e-02 9.763717651367187500e-03
5.103945732116699219e-02 9.760141372680664062e-03
5.169272422790527344e-02 9.934663772583007812e-03
5.100202560424804688e-02 9.741306304931640625e-03
5.143713951110839844e-02 9.701013565063476562e-03
5.056929588317871094e-02 9.715318679809570312e-03
5.059170722961425781e-02 9.735822677612304688e-03
5.007791519165039062e-02 9.715318679809570312e-03
5.134510993957519531e-02 9.719133377075195312e-03
5.245256423950195312e-02 9.771347045898437500e-03
5.123591423034667969e-02 9.732007980346679688e-03
5.162215232849121094e-02 9.728193283081054688e-03
5.111002922058105469e-02 9.742736816406250000e-03
7.559514045715332031e-02 1.105833053588867188e-02
5.112981796264648438e-02 9.680509567260742188e-03
5.027055740356445312e-02 9.658813476562500000e-03
5.090355873107910156e-02 9.680986404418945312e-03
5.035924911499023438e-02 9.677886962890625000e-03
5.048441886901855469e-02 9.696006774902343750e-03
5.189037322998046875e-02 9.963035583496093750e-03
5.120396614074707031e-02 9.797811508178710938e-03
5.090618133544921875e-02 9.725570678710937500e-03
5.081224441528320312e-02 9.698390960693359375e-03
5.113649368286132812e-02 9.672403335571289062e-03
5.086803436279296875e-02 9.735345840454101562e-03
5.239534378051757812e-02 9.854078292846679688e-03
5.150318145751953125e-02 9.840250015258789062e-03
5.090832710266113281e-02 9.802103042602539062e-03
5.189275741577148438e-02 9.911298751831054688e-03
5.033349990844726562e-02 9.662628173828125000e-03
5.261182785034179688e-02 1.069831848144531250e-02
5.411171913146972656e-02 1.028156280517578125e-02
5.206084251403808594e-02 9.971618652343750000e-03
5.083751678466796875e-02 9.690761566162109375e-03
5.100679397583007812e-02 9.717702865600585938e-03
5.094599723815917969e-02 9.694814682006835938e-03
5.109643936157226562e-02 9.755611419677734375e-03
8.246707916259765625e-02 1.205372810363769531e-02
5.113124847412109375e-02 9.777784347534179688e-03
5.073308944702148438e-02 9.671688079833984375e-03
5.074930191040039062e-02 9.667873382568359375e-03
5.077791213989257812e-02 9.711265563964843750e-03
5.181241035461425781e-02 9.892225265502929688e-03
5.105733871459960938e-02 9.671211242675781250e-03
5.243849754333496094e-02 9.858608245849609375e-03
5.096364021301269531e-02 9.726047515869140625e-03
8.073639869689941406e-02 1.198577880859375000e-02
5.084133148193359375e-02 9.670972824096679688e-03
5.132365226745605469e-02 9.692430496215820312e-03
5.120062828063964844e-02 9.678602218627929688e-03
5.081391334533691406e-02 9.721040725708007812e-03
5.150485038757324219e-02 9.988069534301757812e-03
5.104899406433105469e-02 9.732246398925781250e-03
5.125665664672851562e-02 9.720563888549804688e-03
5.061578750610351562e-02 9.658575057983398438e-03
5.117559432983398438e-02 9.695768356323242188e-03
5.053067207336425781e-02 9.714603424072265625e-03
5.088853836059570312e-02 9.700536727905273438e-03
5.077552795410156250e-02 9.689092636108398438e-03
5.188775062561035156e-02 9.947776794433593750e-03
5.270171165466308594e-02 9.893655776977539062e-03
5.190682411193847656e-02 9.872198104858398438e-03
5.090188980102539062e-02 9.727478027343750000e-03
5.076313018798828125e-02 9.784460067749023438e-03
5.053234100341796875e-02 9.755849838256835938e-03
5.093026161193847656e-02 1.087045669555664062e-02
5.609989166259765625e-02 1.006126403808593750e-02
5.203127861022949219e-02 1.008510589599609375e-02
5.209016799926757812e-02 9.939432144165039062e-03
7.257270812988281250e-02 1.077747344970703125e-02
5.181479454040527344e-02 9.865760803222656250e-03
5.031752586364746094e-02 9.722948074340820312e-03
