1.036455631256103516e-01 1.576328277587890625e-02
1.057336330413818359e-01 1.172733306884765625e-02
1.062967777252197266e-01 1.185059547424316406e-02
1.038420200347900391e-01 1.153111457824707031e-02
1.015989780426025391e-01 1.157259941101074219e-02
1.014347076416015625e-01 1.161527633666992188e-02
1.003928184509277344e-01 1.142930984497070312e-02
1.005868911743164062e-01 1.135873794555664062e-02
1.842935085296630859e-01 1.746582984924316406e-02
1.011898517608642578e-01 1.127529144287109375e-02
1.007184982299804688e-01 1.151728630065917969e-02
1.002700328826904297e-01 1.146173477172851562e-02
1.018981933593750000e-01 1.166558265686035156e-02
1.003880500793457031e-01 1.141524314880371094e-02
1.005179882049560547e-01 1.134037971496582031e-02
1.007690429687500000e-01 1.121211051940917969e-02
1.000494956970214844e-01 1.149368286132812500e-02
1.002326011657714844e-01 1.147413253784179688e-02
1.006066799163818359e-01 1.148462295532226562e-02
1.009137630462646484e-01 1.137471199035644531e-02
1.000545024871826172e-01 1.135444641113281250e-02
1.060993671417236328e-01 1.181650161743164062e-02
