2.616715431213378906e-02 2.877950668334960938e-03
2.580690383911132812e-02 2.812385559082031250e-03
2.671265602111816406e-02 2.980232238769531250e-03
2.658820152282714844e-02 2.928018569946289062e-03
2.686929702758789062e-02 2.943515777587890625e-03
2.591514587402343750e-02 2.875089645385742188e-03
2.633738517761230469e-02 2.780437469482421875e-03
2.621078491210937500e-02 2.808570861816406250e-03
2.577137947082519531e-02 2.793312072753906250e-03
2.616572380065917969e-02 2.806425094604492188e-03
2.579140663146972656e-02 2.788066864013671875e-03
2.591300010681152344e-02 2.820730209350585938e-03
2.616477012634277344e-02 2.779722213745117188e-03
2.581810951232910156e-02 2.796411514282226562e-03
2.624368667602539062e-02 2.805471420288085938e-03
