1.480157375335693359e-01 1.325297355651855469e-02
1.403720378875732422e-01 1.254653930664062500e-02
1.397714614868164062e-01 1.268601417541503906e-02
1.392180919647216797e-01 1.288914680480957031e-02
1.397936344146728516e-01 1.273107528686523438e-02
1.380798816680908203e-01 1.255512237548828125e-02
1.387658119201660156e-01 1.399183273315429688e-02
1.436538696289062500e-01 1.279449462890625000e-02
1.388759613037109375e-01 1.255822181701660156e-02
1.385290622711181641e-01 1.263976097106933594e-02
1.389405727386474609e-01 1.260519027709960938e-02
1.385433673858642578e-01 1.271247863769531250e-02
1.383497714996337891e-01 1.266908645629882812e-02
1.379070281982421875e-01 1.257967948913574219e-02
