2.038764953613281250e-02 2.831459045410156250e-03
2.082896232604980469e-02 2.825021743774414062e-03
2.116084098815917969e-02 2.936840057373046875e-03
2.101755142211914062e-02 2.923488616943359375e-03
2.095079421997070312e-02 2.928733825683593750e-03
4.499053955078125000e-02 3.960609436035156250e-03
2.222490310668945312e-02 2.715587615966796875e-03
2.072024345397949219e-02 2.834320068359375000e-03
2.022790908813476562e-02 2.728223800659179688e-03
2.006173133850097656e-02 2.732992172241210938e-03
1.998209953308105469e-02 2.718448638916015625e-03
2.020502090454101562e-02 2.716302871704101562e-03
2.015399932861328125e-02 2.725362777709960938e-03
2.005243301391601562e-02 2.756357192993164062e-03
1.982903480529785156e-02 2.711772918701171875e-03
2.021455764770507812e-02 2.721309661865234375e-03
2.003860473632812500e-02 2.719402313232421875e-03
