2.087759971618652344e-02 2.856492996215820312e-03
2.106308937072753906e-02 2.891540527343750000e-03
2.121138572692871094e-02 2.900600433349609375e-03
2.007079124450683594e-02 2.711296081542968750e-03
2.060198783874511719e-02 2.810239791870117188e-03
2.021193504333496094e-02 2.718925476074218750e-03
4.732894897460937500e-02 3.712415695190429688e-03
2.499246597290039062e-02 3.513574600219726562e-03
2.194666862487792969e-02 2.862930297851562500e-03
2.055406570434570312e-02 2.821445465087890625e-03
2.083301544189453125e-02 2.859592437744140625e-03
2.062535285949707031e-02 2.859592437744140625e-03
2.021813392639160156e-02 2.767801284790039062e-03
2.063488960266113281e-02 2.807855606079101562e-03
2.096891403198242188e-02 2.864122390747070312e-03
2.013897895812988281e-02 2.711296081542968750e-03
2.057147026062011719e-02 2.801895141601562500e-03
2.076888084411621094e-02 2.824306488037109375e-03
2.008485794067382812e-02 2.702474594116210938e-03
2.073097229003906250e-02 2.819538116455078125e-03
4.318165779113769531e-02 3.452539443969726562e-03
2.121996879577636719e-02 2.865314483642578125e-03
4.068422317504882812e-02 3.549814224243164062e-03
2.125167846679687500e-02 2.823829650878906250e-03
2.003717422485351562e-02 2.726554870605468750e-03
2.054882049560546875e-02 2.800941467285156250e-03
2.069044113159179688e-02 2.830028533935546875e-03
2.047944068908691406e-02 2.878189086914062500e-03
2.012872695922851562e-02 2.701520919799804688e-03
2.004694938659667969e-02 2.729415893554687500e-03
2.005958557128906250e-02 2.726793289184570312e-03
2.001953125000000000e-02 2.755165100097656250e-03
2.077102661132812500e-02 2.803087234497070312e-03
1.991319656372070312e-02 2.718210220336914062e-03
2.049398422241210938e-02 2.866506576538085938e-03
2.080368995666503906e-02 2.863168716430664062e-03
2.081775665283203125e-02 2.807140350341796875e-03
2.068710327148437500e-02 2.799510955810546875e-03
2.069664001464843750e-02 2.817630767822265625e-03
4.771256446838378906e-02 3.763675689697265625e-03
2.131557464599609375e-02 2.812147140502929688e-03
2.016925811767578125e-02 2.730131149291992188e-03
2.075886726379394531e-02 2.817153930664062500e-03
2.064061164855957031e-02 2.821922302246093750e-03
1.985001564025878906e-02 2.706289291381835938e-03
2.066421508789062500e-02 2.812385559082031250e-03
1.992154121398925781e-02 2.757787704467773438e-03
2.001595497131347656e-02 2.713203430175781250e-03
2.090454101562500000e-02 2.850055694580078125e-03
1.998782157897949219e-02 2.704143524169921875e-03
2.006530761718750000e-02 2.759933471679687500e-03
1.992511749267578125e-02 2.716064453125000000e-03
2.002263069152832031e-02 2.713203430175781250e-03
2.143788337707519531e-02 2.879381179809570312e-03
2.144885063171386719e-02 2.914905548095703125e-03
2.076339721679687500e-02 2.775192260742187500e-03
2.073574066162109375e-02 2.767086029052734375e-03
2.056360244750976562e-02 2.729654312133789062e-03
2.054810523986816406e-02 2.790927886962890625e-03
2.037453651428222656e-02 2.679824829101562500e-03
2.053403854370117188e-02 2.684116363525390625e-03
2.041625976562500000e-02 2.708911895751953125e-03
2.044415473937988281e-02 2.707481384277343750e-03
2.037596702575683594e-02 2.681255340576171875e-03
2.113914489746093750e-02 2.871274948120117188e-03
2.047753334045410156e-02 2.678394317626953125e-03
2.052068710327148438e-02 2.750635147094726562e-03
2.110266685485839844e-02 2.805233001708984375e-03
2.052736282348632812e-02 2.708196640014648438e-03
2.052283287048339844e-02 2.670288085937500000e-03
2.043128013610839844e-02 2.666711807250976562e-03
2.039957046508789062e-02 2.691268920898437500e-03
2.042722702026367188e-02 2.668619155883789062e-03
2.038216590881347656e-02 2.680063247680664062e-03
2.046823501586914062e-02 2.671003341674804688e-03
2.042198181152343750e-02 2.676248550415039062e-03
2.027392387390136719e-02 2.720355987548828125e-03
