2.728414535522460938e-02 2.944946289062500000e-03
2.788710594177246094e-02 3.014564514160156250e-03
2.740240097045898438e-02 2.952575683593750000e-03
2.720618247985839844e-02 2.916574478149414062e-03
2.684402465820312500e-02 2.938985824584960938e-03
2.661800384521484375e-02 2.816200256347656250e-03
2.646851539611816406e-02 2.822637557983398438e-03
2.626037597656250000e-02 2.842664718627929688e-03
2.661824226379394531e-02 2.828598022460937500e-03
2.645897865295410156e-02 2.804994583129882812e-03
2.662420272827148438e-02 2.834558486938476562e-03
