7.209992408752441406e-02 1.090741157531738281e-02
7.201313972473144531e-02 1.074385643005371094e-02
7.229495048522949219e-02 1.044154167175292969e-02
8.846163749694824219e-02 1.073622703552246094e-02
7.220411300659179688e-02 1.061415672302246094e-02
7.043743133544921875e-02 1.044225692749023438e-02
7.203507423400878906e-02 1.062536239624023438e-02
7.066202163696289062e-02 1.055765151977539062e-02
7.042479515075683594e-02 1.047921180725097656e-02
7.218861579895019531e-02 1.049971580505371094e-02
7.068490982055664062e-02 1.044321060180664062e-02
7.169985771179199219e-02 1.049757003784179688e-02
7.206368446350097656e-02 1.056599617004394531e-02
7.243108749389648438e-02 1.057815551757812500e-02
7.072830200195312500e-02 1.042842864990234375e-02
7.123160362243652344e-02 1.041412353515625000e-02
7.098627090454101562e-02 1.038217544555664062e-02
7.044720649719238281e-02 1.055812835693359375e-02
7.097625732421875000e-02 1.051497459411621094e-02
7.117390632629394531e-02 1.045179367065429688e-02
7.084846496582031250e-02 1.043844223022460938e-02
7.054781913757324219e-02 1.051735877990722656e-02
7.402086257934570312e-02 1.094269752502441406e-02
