3.708195686340332031e-02 3.190755844116210938e-03
3.684830665588378906e-02 3.265380859375000000e-03
3.696203231811523438e-02 3.238201141357421875e-03
3.694629669189453125e-02 3.251314163208007812e-03
3.708028793334960938e-02 3.247976303100585938e-03
3.684067726135253906e-02 3.234624862670898438e-03
3.703308105468750000e-02 3.279685974121093750e-03
3.715753555297851562e-02 3.230333328247070312e-03
3.716182708740234375e-02 3.238201141357421875e-03
3.703784942626953125e-02 3.247022628784179688e-03
3.717494010925292969e-02 3.236293792724609375e-03
3.695535659790039062e-02 3.240108489990234375e-03
3.702569007873535156e-02 3.281831741333007812e-03
3.612184524536132812e-02 3.144979476928710938e-03
3.708839416503906250e-02 3.243446350097656250e-03
3.806304931640625000e-02 3.647804260253906250e-03
3.798294067382812500e-02 3.542900085449218750e-03
3.674411773681640625e-02 3.329992294311523438e-03
3.711271286010742188e-02 3.351449966430664062e-03
7.144403457641601562e-02 3.395318984985351562e-03
3.642320632934570312e-02 3.240346908569335938e-03
3.661346435546875000e-02 3.259658813476562500e-03
3.577566146850585938e-02 3.174304962158203125e-03
3.634262084960937500e-02 3.234148025512695312e-03
3.517842292785644531e-02 3.125905990600585938e-03
3.544211387634277344e-02 3.055334091186523438e-03
3.522729873657226562e-02 3.075122833251953125e-03
3.532671928405761719e-02 3.086566925048828125e-03
3.559017181396484375e-02 3.132820129394531250e-03
3.540611267089843750e-02 3.072977066040039062e-03
3.551745414733886719e-02 3.077745437622070312e-03
3.538370132446289062e-02 3.038883209228515625e-03
3.541254997253417969e-02 3.082275390625000000e-03
