7.408833503723144531e-02 1.105237007141113281e-02
7.333779335021972656e-02 1.083922386169433594e-02
7.220482826232910156e-02 1.075720787048339844e-02
7.155323028564453125e-02 1.102352142333984375e-02
7.206869125366210938e-02 1.065635681152343750e-02
7.173466682434082031e-02 1.060652732849121094e-02
7.073354721069335938e-02 1.049971580505371094e-02
7.052254676818847656e-02 1.041269302368164062e-02
7.406997680664062500e-02 1.087403297424316406e-02
7.333159446716308594e-02 1.094675064086914062e-02
7.213354110717773438e-02 1.052522659301757812e-02
7.081913948059082031e-02 1.045894622802734375e-02
7.117223739624023438e-02 1.048517227172851562e-02
7.070398330688476562e-02 1.057147979736328125e-02
7.059741020202636719e-02 1.057767868041992188e-02
7.097530364990234375e-02 1.055598258972167969e-02
