1.470286846160888672e-01 1.344275474548339844e-02
1.517367362976074219e-01 1.288127899169921875e-02
1.493735313415527344e-01 1.282048225402832031e-02
1.505439281463623047e-01 1.295137405395507812e-02
1.506352424621582031e-01 1.302170753479003906e-02
1.973378658294677734e-01 1.312828063964843750e-02
1.513011455535888672e-01 1.294136047363281250e-02
1.515929698944091797e-01 1.299428939819335938e-02
1.520793437957763672e-01 1.411151885986328125e-02
1.548540592193603516e-01 1.315355300903320312e-02
1.504650115966796875e-01 1.294970512390136719e-02
1.504194736480712891e-01 1.294732093811035156e-02
1.519720554351806641e-01 1.300263404846191406e-02
1.503028869628906250e-01 1.294708251953125000e-02
1.664597988128662109e-01 1.291012763977050781e-02
1.505150794982910156e-01 1.292800903320312500e-02
1.505241394042968750e-01 1.298904418945312500e-02
1.506540775299072266e-01 1.296496391296386719e-02
1.509330272674560547e-01 1.298189163208007812e-02
1.498155593872070312e-01 1.289463043212890625e-02
1.491293907165527344e-01 1.279997825622558594e-02
1.507885456085205078e-01 1.298522949218750000e-02
1.563522815704345703e-01 1.351046562194824219e-02
1.507399082183837891e-01 1.295137405395507812e-02
1.511020660400390625e-01 1.296257972717285156e-02
1.514196395874023438e-01 1.302504539489746094e-02
1.494593620300292969e-01 1.286149024963378906e-02
1.505482196807861328e-01 1.306557655334472656e-02
1.508445739746093750e-01 1.296854019165039062e-02
1.496913433074951172e-01 1.281595230102539062e-02
1.503229141235351562e-01 1.287603378295898438e-02
1.502559185028076172e-01 1.282215118408203125e-02
1.513726711273193359e-01 1.297545433044433594e-02
1.499285697937011719e-01 1.286506652832031250e-02
1.502022743225097656e-01 1.289725303649902344e-02
1.516752243041992188e-01 1.407527923583984375e-02
1.463010311126708984e-01 1.295328140258789062e-02
1.423621177673339844e-01 1.297521591186523438e-02
1.424372196197509766e-01 1.282405853271484375e-02
1.424415111541748047e-01 1.286458969116210938e-02
1.422438621520996094e-01 1.283311843872070312e-02
1.421985626220703125e-01 1.282715797424316406e-02
