1.322484016418457031e-02 2.465009689331054688e-03
1.328825950622558594e-02 2.468109130859375000e-03
1.338648796081542969e-02 2.503395080566406250e-03
1.391386985778808594e-02 2.556324005126953125e-03
7.872033119201660156e-02 1.288604736328125000e-02
2.660369873046875000e-02 3.429889678955078125e-03
1.493167877197265625e-02 2.448797225952148438e-03
1.330089569091796875e-02 2.451896667480468750e-03
1.315093040466308594e-02 2.475023269653320312e-03
1.329088211059570312e-02 2.504348754882812500e-03
1.330089569091796875e-02 2.453088760375976562e-03
1.324987411499023438e-02 2.477645874023437500e-03
1.311206817626953125e-02 2.450466156005859375e-03
1.317000389099121094e-02 2.462148666381835938e-03
