1.286520957946777344e-01 1.751756668090820312e-02
1.210262775421142578e-01 1.198339462280273438e-02
1.331403255462646484e-01 1.194834709167480469e-02
1.168534755706787109e-01 1.206040382385253906e-02
1.166718006134033203e-01 1.186394691467285156e-02
1.170494556427001953e-01 1.183772087097167969e-02
1.175105571746826172e-01 1.209568977355957031e-02
1.167209148406982422e-01 1.202178001403808594e-02
1.171967983245849609e-01 1.200246810913085938e-02
1.170959472656250000e-01 1.197385787963867188e-02
1.161506175994873047e-01 1.186180114746093750e-02
1.173715591430664062e-01 1.200270652770996094e-02
1.173248291015625000e-01 1.188611984252929688e-02
1.170730590820312500e-01 1.210927963256835938e-02
1.170358657836914062e-01 1.206278800964355469e-02
1.170949935913085938e-01 1.206588745117187500e-02
1.172540187835693359e-01 1.210498809814453125e-02
1.202764511108398438e-01 1.264786720275878906e-02
1.197555065155029297e-01 1.206660270690917969e-02
1.175649166107177734e-01 1.192951202392578125e-02
1.173074245452880859e-01 1.208758354187011719e-02
1.165070533752441406e-01 1.194500923156738281e-02
1.169583797454833984e-01 1.207709312438964844e-02
1.161324977874755859e-01 1.189184188842773438e-02
1.167876720428466797e-01 1.200914382934570312e-02
1.171345710754394531e-01 1.190805435180664062e-02
1.177318096160888672e-01 1.198506355285644531e-02
1.175801753997802734e-01 1.211142539978027344e-02
1.159584522247314453e-01 1.201415061950683594e-02
1.172461509704589844e-01 1.207804679870605469e-02
1.156651973724365234e-01 1.195645332336425781e-02
1.168241500854492188e-01 1.195478439331054688e-02
1.171221733093261719e-01 1.199030876159667969e-02
1.170482635498046875e-01 1.196122169494628906e-02
1.209292411804199219e-01 1.259970664978027344e-02
1.202304363250732422e-01 1.220083236694335938e-02
1.566965579986572266e-01 1.341962814331054688e-02
1.167819499969482422e-01 1.200103759765625000e-02
1.170561313629150391e-01 1.203703880310058594e-02
1.157588958740234375e-01 1.189255714416503906e-02
1.174499988555908203e-01 1.190590858459472656e-02
1.172745227813720703e-01 1.212835311889648438e-02
1.161727905273437500e-01 1.195859909057617188e-02
1.161487102508544922e-01 1.193284988403320312e-02
1.157493591308593750e-01 1.192903518676757812e-02
1.169261932373046875e-01 1.199507713317871094e-02
1.170947551727294922e-01 1.202607154846191406e-02
1.159758567810058594e-01 1.188445091247558594e-02
1.157815456390380859e-01 1.171898841857910156e-02
1.168606281280517578e-01 1.211500167846679688e-02
1.160404682159423828e-01 1.191139221191406250e-02
1.204562187194824219e-01 1.234388351440429688e-02
1.198966503143310547e-01 1.219487190246582031e-02
1.170384883880615234e-01 1.199841499328613281e-02
1.159131526947021484e-01 1.180982589721679688e-02
1.173949241638183594e-01 1.192307472229003906e-02
1.161706447601318359e-01 1.203989982604980469e-02
1.165430545806884766e-01 1.201939582824707031e-02
1.160390377044677734e-01 1.194572448730468750e-02
1.157186031341552734e-01 1.195836067199707031e-02
1.156721115112304688e-01 1.192116737365722656e-02
1.159245967864990234e-01 1.188206672668457031e-02
1.158814430236816406e-01 1.181602478027343750e-02
1.160130500793457031e-01 1.174068450927734375e-02
1.157152652740478516e-01 1.199865341186523438e-02
