4.107427597045898438e-02 3.289699554443359375e-03
4.374623298645019531e-02 3.425598144531250000e-03
4.067945480346679688e-02 3.391265869140625000e-03
4.078364372253417969e-02 3.403902053833007812e-03
4.072260856628417969e-02 3.405332565307617188e-03
4.035949707031250000e-02 3.338336944580078125e-03
3.932237625122070312e-02 3.201723098754882812e-03
3.948998451232910156e-02 3.233432769775390625e-03
3.924298286437988281e-02 3.184318542480468750e-03
3.937458992004394531e-02 3.198385238647460938e-03
3.977036476135253906e-02 3.334760665893554688e-03
3.923487663269042969e-02 3.197431564331054688e-03
3.938508033752441406e-02 3.176927566528320312e-03
3.917932510375976562e-02 3.228664398193359375e-03
3.920984268188476562e-02 3.192424774169921875e-03
3.928518295288085938e-02 3.185272216796875000e-03
3.919863700866699219e-02 3.197431564331054688e-03
3.937864303588867188e-02 3.241300582885742188e-03
3.917431831359863281e-02 3.199338912963867188e-03
3.934812545776367188e-02 3.210306167602539062e-03
