1.071128845214843750e-01 1.186013221740722656e-02
1.034023761749267578e-01 1.183247566223144531e-02
1.043250560760498047e-01 1.153302192687988281e-02
9.983348846435546875e-02 1.140737533569335938e-02
1.006948947906494141e-01 1.142239570617675781e-02
1.013107299804687500e-01 1.133131980895996094e-02
1.362745761871337891e-01 1.329278945922851562e-02
1.017372608184814453e-01 1.145052909851074219e-02
9.957075119018554688e-02 1.120972633361816406e-02
9.908819198608398438e-02 1.148200035095214844e-02
1.007738113403320312e-01 1.147460937500000000e-02
1.005647182464599609e-01 1.137804985046386719e-02
9.959268569946289062e-02 1.143050193786621094e-02
1.004233360290527344e-01 1.122260093688964844e-02
1.006045341491699219e-01 1.124310493469238281e-02
1.009764671325683594e-01 1.160264015197753906e-02
1.004688739776611328e-01 1.146364212036132812e-02
