7.918739318847656250e-02 1.468372344970703125e-02
7.371950149536132812e-02 1.086425781250000000e-02
7.125115394592285156e-02 1.050019264221191406e-02
7.220578193664550781e-02 1.070547103881835938e-02
7.094764709472656250e-02 1.063632965087890625e-02
7.267451286315917969e-02 1.054167747497558594e-02
7.068729400634765625e-02 1.048016548156738281e-02
7.096481323242187500e-02 1.053762435913085938e-02
7.097434997558593750e-02 1.035714149475097656e-02
7.115197181701660156e-02 1.038455963134765625e-02
7.083368301391601562e-02 1.038694381713867188e-02
7.104611396789550781e-02 1.035523414611816406e-02
7.119464874267578125e-02 1.049637794494628906e-02
7.107281684875488281e-02 1.044464111328125000e-02
7.125234603881835938e-02 1.038908958435058594e-02
