1.536378860473632812e-01 1.401782035827636719e-02
1.403036117553710938e-01 1.260781288146972656e-02
1.564230918884277344e-01 1.264095306396484375e-02
1.403141021728515625e-01 1.268792152404785156e-02
1.407504081726074219e-01 1.281237602233886719e-02
1.405303478240966797e-01 1.272439956665039062e-02
1.408371925354003906e-01 1.270985603332519531e-02
1.405472755432128906e-01 1.270890235900878906e-02
1.395187377929687500e-01 1.258754730224609375e-02
1.407213211059570312e-01 1.272416114807128906e-02
1.391816139221191406e-01 1.258039474487304688e-02
1.394658088684082031e-01 1.267623901367187500e-02
1.392297744750976562e-01 1.271867752075195312e-02
1.409032344818115234e-01 1.271247863769531250e-02
1.598176956176757812e-01 1.325416564941406250e-02
1.417753696441650391e-01 1.282835006713867188e-02
1.389894485473632812e-01 1.265716552734375000e-02
1.386971473693847656e-01 1.274442672729492188e-02
1.374948024749755859e-01 1.258635520935058594e-02
1.396110057830810547e-01 1.273155212402343750e-02
1.380157470703125000e-01 1.259326934814453125e-02
1.379559040069580078e-01 1.257801055908203125e-02
1.377849578857421875e-01 1.258993148803710938e-02
1.380534172058105469e-01 1.259279251098632812e-02
1.376960277557373047e-01 1.263761520385742188e-02
1.379432678222656250e-01 1.269316673278808594e-02
1.379396915435791016e-01 1.262688636779785156e-02
1.375219821929931641e-01 1.258873939514160156e-02
1.391184329986572266e-01 1.325488090515136719e-02
1.442499160766601562e-01 1.288652420043945312e-02
1.380786895751953125e-01 1.265382766723632812e-02
1.381342411041259766e-01 1.261329650878906250e-02
1.382439136505126953e-01 1.265525817871093750e-02
1.381025314331054688e-01 1.259231567382812500e-02
1.379218101501464844e-01 1.257038116455078125e-02
1.376891136169433594e-01 1.258373260498046875e-02
1.381685733795166016e-01 1.254296302795410156e-02
1.379849910736083984e-01 1.255631446838378906e-02
1.375286579132080078e-01 1.259899139404296875e-02
