1.919603347778320312e-02 2.821922302246093750e-03
1.945614814758300781e-02 2.879381179809570312e-03
1.944780349731445312e-02 2.893447875976562500e-03
1.909351348876953125e-02 2.802133560180664062e-03
1.912117004394531250e-02 2.800703048706054688e-03
1.917529106140136719e-02 2.823591232299804688e-03
1.903557777404785156e-02 2.796888351440429688e-03
1.858258247375488281e-02 2.688884735107421875e-03
4.115557670593261719e-02 3.364562988281250000e-03
1.997017860412597656e-02 2.955436706542968750e-03
1.916670799255371094e-02 2.808332443237304688e-03
1.908397674560546875e-02 2.823829650878906250e-03
1.910209655761718750e-02 2.834320068359375000e-03
1.922082901000976562e-02 2.803325653076171875e-03
1.867651939392089844e-02 2.700567245483398438e-03
1.903843879699707031e-02 2.809762954711914062e-03
1.909184455871582031e-02 2.805709838867187500e-03
1.905584335327148438e-02 2.803325653076171875e-03
1.916933059692382812e-02 2.794742584228515625e-03
1.916980743408203125e-02 2.812147140502929688e-03
1.906943321228027344e-02 2.807617187500000000e-03
1.904416084289550781e-02 2.822160720825195312e-03
1.916909217834472656e-02 2.787828445434570312e-03
1.920437812805175781e-02 2.891302108764648438e-03
1.922774314880371094e-02 2.809524536132812500e-03
1.870250701904296875e-02 2.680778503417968750e-03
1.843690872192382812e-02 2.640008926391601562e-03
3.541851043701171875e-02 3.605604171752929688e-03
2.067565917968750000e-02 2.926826477050781250e-03
1.913857460021972656e-02 2.810001373291015625e-03
1.921296119689941406e-02 2.754688262939453125e-03
1.845335960388183594e-02 2.634525299072265625e-03
1.841807365417480469e-02 2.707004547119140625e-03
1.836681365966796875e-02 2.635240554809570312e-03
1.933789253234863281e-02 2.791166305541992188e-03
1.815176010131835938e-02 2.742528915405273438e-03
1.840066909790039062e-02 2.605438232421875000e-03
1.826572418212890625e-02 2.623081207275390625e-03
1.837182044982910156e-02 2.644062042236328125e-03
1.836681365966796875e-02 2.613306045532226562e-03
1.823496818542480469e-02 2.636432647705078125e-03
1.835036277770996094e-02 2.638101577758789062e-03
1.825451850891113281e-02 2.597808837890625000e-03
1.835012435913085938e-02 2.642393112182617188e-03
