9.048159122467041016e-01 3.012657165527343750e-03
2.653622627258300781e-02 2.949714660644531250e-03
2.709984779357910156e-02 3.004550933837890625e-03
2.631258964538574219e-02 2.830982208251953125e-03
2.632832527160644531e-02 2.857685089111328125e-03
2.641129493713378906e-02 2.840042114257812500e-03
2.624678611755371094e-02 2.840280532836914062e-03
2.650904655456542969e-02 2.838134765625000000e-03
2.664256095886230469e-02 2.838611602783203125e-03
2.660012245178222656e-02 2.872467041015625000e-03
2.606010437011718750e-02 2.838373184204101562e-03
2.653837203979492188e-02 2.833843231201171875e-03
