3.566384315490722656e-02 3.114938735961914062e-03
3.597569465637207031e-02 3.175258636474609375e-03
3.592491149902343750e-02 3.229379653930664062e-03
3.576707839965820312e-02 3.201723098754882812e-03
3.515124320983886719e-02 3.074407577514648438e-03
3.516197204589843750e-02 3.048658370971679688e-03
3.498387336730957031e-02 3.073692321777343750e-03
3.506445884704589844e-02 3.061771392822265625e-03
3.638958930969238281e-02 3.432035446166992188e-03
3.664636611938476562e-02 3.327131271362304688e-03
3.590655326843261719e-02 3.201961517333984375e-03
3.588700294494628906e-02 3.164291381835937500e-03
3.511166572570800781e-02 3.060579299926757812e-03
