1.206772327423095703e-01 1.251363754272460938e-02
1.192898750305175781e-01 1.249480247497558594e-02
1.157572269439697266e-01 1.199412345886230469e-02
1.159555912017822266e-01 1.209878921508789062e-02
1.169514656066894531e-01 1.204633712768554688e-02
1.158986091613769531e-01 1.195120811462402344e-02
1.157164573669433594e-01 1.193022727966308594e-02
1.157727241516113281e-01 1.195740699768066406e-02
1.159863471984863281e-01 1.191282272338867188e-02
1.161887645721435547e-01 1.198101043701171875e-02
1.160459518432617188e-01 1.199841499328613281e-02
1.193933486938476562e-01 1.258420944213867188e-02
1.206407546997070312e-01 1.213335990905761719e-02
1.159908771514892578e-01 1.193141937255859375e-02
