7.811856269836425781e-02 1.484775543212890625e-02
7.714366912841796875e-02 1.362514495849609375e-02
7.300186157226562500e-02 1.057147979736328125e-02
7.191801071166992188e-02 1.062059402465820312e-02
7.170605659484863281e-02 1.050806045532226562e-02
7.196259498596191406e-02 1.047086715698242188e-02
7.217574119567871094e-02 1.047992706298828125e-02
7.209157943725585938e-02 1.064848899841308594e-02
7.110190391540527344e-02 1.041650772094726562e-02
7.198739051818847656e-02 1.061701774597167969e-02
7.175922393798828125e-02 1.058316230773925781e-02
7.217454910278320312e-02 5.221819877624511719e-02
7.161903381347656250e-02 1.051402091979980469e-02
7.214379310607910156e-02 1.047897338867187500e-02
7.194066047668457031e-02 1.043677330017089844e-02
7.193827629089355469e-02 1.061177253723144531e-02
7.196640968322753906e-02 1.063680648803710938e-02
7.062029838562011719e-02 1.046395301818847656e-02
7.179999351501464844e-02 1.056957244873046875e-02
7.204532623291015625e-02 1.056289672851562500e-02
7.163500785827636719e-02 1.053071022033691406e-02
7.087063789367675781e-02 1.031899452209472656e-02
7.073688507080078125e-02 1.043033599853515625e-02
7.062840461730957031e-02 1.061081886291503906e-02
7.060027122497558594e-02 1.053452491760253906e-02
7.320523262023925781e-02 1.089882850646972656e-02
7.188701629638671875e-02 1.056146621704101562e-02
7.006168365478515625e-02 1.036286354064941406e-02
6.999850273132324219e-02 1.029157638549804688e-02
6.974029541015625000e-02 1.021289825439453125e-02
