1.278629302978515625e-01 1.256728172302246094e-02
1.237142086029052734e-01 1.230001449584960938e-02
1.206433773040771484e-01 1.209163665771484375e-02
1.181674003601074219e-01 1.185965538024902344e-02
1.181392669677734375e-01 1.193928718566894531e-02
1.880888938903808594e-01 1.669073104858398438e-02
1.182317733764648438e-01 1.190853118896484375e-02
1.178586483001708984e-01 1.182031631469726562e-02
1.182999610900878906e-01 1.180648803710937500e-02
1.177549362182617188e-01 1.189613342285156250e-02
1.183013916015625000e-01 1.191329956054687500e-02
1.178274154663085938e-01 1.187634468078613281e-02
1.385750770568847656e-01 1.202273368835449219e-02
1.172921657562255859e-01 1.168823242187500000e-02
1.180145740509033203e-01 1.192665100097656250e-02
1.180551052093505859e-01 1.200580596923828125e-02
1.168680191040039062e-01 1.174402236938476562e-02
1.208190917968750000e-01 1.271581649780273438e-02
1.220736503601074219e-01 1.219916343688964844e-02
1.202566623687744141e-01 1.199293136596679688e-02
1.188910007476806641e-01 1.190924644470214844e-02
1.180741786956787109e-01 1.181435585021972656e-02
1.173274517059326172e-01 1.174950599670410156e-02
1.192414760589599609e-01 1.188254356384277344e-02
1.193664073944091797e-01 1.195931434631347656e-02
1.191332340240478516e-01 1.194214820861816406e-02
1.176600456237792969e-01 1.177430152893066406e-02
1.181187629699707031e-01 1.174545288085937500e-02
1.176078319549560547e-01 1.177239418029785156e-02
1.176526546478271484e-01 1.191353797912597656e-02
1.177425384521484375e-01 1.188158988952636719e-02
1.172509193420410156e-01 1.200842857360839844e-02
1.176888942718505859e-01 1.187753677368164062e-02
1.184430122375488281e-01 1.173734664916992188e-02
1.189491748809814453e-01 1.286816596984863281e-02
