5.475759506225585938e-02 1.026940345764160156e-02
5.423736572265625000e-02 1.023149490356445312e-02
5.424070358276367188e-02 9.687900543212890625e-03
5.309057235717773438e-02 9.775638580322265625e-03
5.244612693786621094e-02 9.760141372680664062e-03
5.405449867248535156e-02 9.876966476440429688e-03
5.240273475646972656e-02 9.793996810913085938e-03
5.726242065429687500e-02 1.085877418518066406e-02
5.615496635437011719e-02 1.038074493408203125e-02
5.463767051696777344e-02 9.818553924560546875e-03
5.294823646545410156e-02 9.784698486328125000e-03
5.262660980224609375e-02 9.551525115966796875e-03
5.206036567687988281e-02 9.730577468872070312e-03
5.239844322204589844e-02 9.624004364013671875e-03
5.323004722595214844e-02 9.564876556396484375e-03
5.191349983215332031e-02 9.798049926757812500e-03
5.373334884643554688e-02 9.838104248046875000e-03
5.229759216308593750e-02 9.568929672241210938e-03
5.175685882568359375e-02 9.718894958496093750e-03
5.429577827453613281e-02 9.927988052368164062e-03
5.280208587646484375e-02 9.764432907104492188e-03
5.179023742675781250e-02 9.512186050415039062e-03
5.130553245544433594e-02 9.640932083129882812e-03
5.381965637207031250e-02 9.855747222900390625e-03
5.257415771484375000e-02 9.548902511596679688e-03
5.253314971923828125e-02 9.840250015258789062e-03
5.385732650756835938e-02 9.950876235961914062e-03
5.331397056579589844e-02 9.907722473144531250e-03
5.182170867919921875e-02 9.635448455810546875e-03
5.405783653259277344e-02 9.827375411987304688e-03
5.416798591613769531e-02 9.896993637084960938e-03
5.255961418151855469e-02 9.577274322509765625e-03
1.028122901916503906e-01 1.585912704467773438e-02
5.505585670471191406e-02 9.891271591186523438e-03
5.302619934082031250e-02 9.766578674316406250e-03
5.242538452148437500e-02 9.783029556274414062e-03
5.310249328613281250e-02 9.686946868896484375e-03
5.286145210266113281e-02 9.732723236083984375e-03
5.280804634094238281e-02 9.628534317016601562e-03
5.293512344360351562e-02 9.778738021850585938e-03
5.290436744689941406e-02 9.513139724731445312e-03
5.179333686828613281e-02 1.052165031433105469e-02
