1.604461669921875000e-02 2.631664276123046875e-03
1.623964309692382812e-02 2.659082412719726562e-03
1.634669303894042969e-02 2.665042877197265625e-03
1.626944541931152344e-02 2.725601196289062500e-03
1.630330085754394531e-02 2.666234970092773438e-03
1.572227478027343750e-02 2.565145492553710938e-03
1.567482948303222656e-02 2.609252929687500000e-03
1.619410514831542969e-02 2.673625946044921875e-03
1.627588272094726562e-02 2.654790878295898438e-03
1.557111740112304688e-02 2.542972564697265625e-03
1.566267013549804688e-02 2.598047256469726562e-03
1.556396484375000000e-02 2.561569213867187500e-03
1.557445526123046875e-02 2.561092376708984375e-03
1.558566093444824219e-02 2.562522888183593750e-03
1.615643501281738281e-02 2.660512924194335938e-03
1.555728912353515625e-02 2.551078796386718750e-03
1.553535461425781250e-02 2.549648284912109375e-03
1.559400558471679688e-02 2.554655075073242188e-03
1.560258865356445312e-02 2.548217773437500000e-03
1.626348495483398438e-02 2.658128738403320312e-03
1.564002037048339844e-02 2.568244934082031250e-03
1.565790176391601562e-02 2.543210983276367188e-03
1.554679870605468750e-02 2.552747726440429688e-03
1.558923721313476562e-02 2.611160278320312500e-03
1.552224159240722656e-02 2.558231353759765625e-03
1.558876037597656250e-02 2.556562423706054688e-03
1.552033424377441406e-02 2.553939819335937500e-03
1.559686660766601562e-02 2.564907073974609375e-03
1.567649841308593750e-02 2.544164657592773438e-03
1.563644409179687500e-02 2.554416656494140625e-03
1.556468009948730469e-02 2.550601959228515625e-03
1.621937751770019531e-02 2.667903900146484375e-03
1.620006561279296875e-02 2.676248550415039062e-03
1.622509956359863281e-02 2.663135528564453125e-03
1.574158668518066406e-02 2.557754516601562500e-03
1.565217971801757812e-02 2.554655075073242188e-03
1.632285118103027344e-02 2.664566040039062500e-03
1.566600799560546875e-02 2.556562423706054688e-03
1.558637619018554688e-02 2.601385116577148438e-03
1.549935340881347656e-02 2.571105957031250000e-03
1.550745964050292969e-02 2.563238143920898438e-03
1.552987098693847656e-02 2.547025680541992188e-03
1.554346084594726562e-02 2.543926239013671875e-03
1.559257507324218750e-02 2.560138702392578125e-03
1.557135581970214844e-02 2.545595169067382812e-03
1.558709144592285156e-02 2.556324005126953125e-03
