2.601599693298339844e-02 2.866506576538085938e-03
2.619886398315429688e-02 2.829074859619140625e-03
2.643942832946777344e-02 2.919435501098632812e-03
2.644586563110351562e-02 2.911329269409179688e-03
2.657294273376464844e-02 2.886295318603515625e-03
4.481959342956542969e-02 2.835988998413085938e-03
2.692675590515136719e-02 2.914428710937500000e-03
1.509568691253662109e-01 1.317667961120605469e-02
4.134583473205566406e-02 3.923654556274414062e-03
3.189730644226074219e-02 3.491640090942382812e-03
3.236508369445800781e-02 3.582000732421875000e-03
3.239583969116210938e-02 3.612279891967773438e-03
3.248047828674316406e-02 3.573417663574218750e-03
3.246569633483886719e-02 3.587245941162109375e-03
3.244209289550781250e-02 3.584861755371093750e-03
3.244853019714355469e-02 3.557443618774414062e-03
1.518003940582275391e-01 1.393747329711914062e-02
4.180574417114257812e-02 3.376960754394531250e-03
2.608251571655273438e-02 2.780675888061523438e-03
2.641630172729492188e-02 2.789258956909179688e-03
2.630758285522460938e-02 2.790927886962890625e-03
1.511313915252685547e-01 1.316905021667480469e-02
4.972386360168457031e-02 4.465579986572265625e-03
3.046941757202148438e-02 3.161907196044921875e-03
1.124303340911865234e-01 1.015043258666992188e-02
3.008460998535156250e-02 3.144264221191406250e-03
2.710771560668945312e-02 2.964973449707031250e-03
2.626204490661621094e-02 2.949714660644531250e-03
2.654147148132324219e-02 2.888917922973632812e-03
2.613162994384765625e-02 2.880334854125976562e-03
2.712631225585937500e-02 2.992630004882812500e-03
2.736663818359375000e-02 2.968311309814453125e-03
2.663087844848632812e-02 2.894163131713867188e-03
2.625060081481933594e-02 2.875328063964843750e-03
2.671003341674804688e-02 2.885580062866210938e-03
2.728414535522460938e-02 2.980232238769531250e-03
2.620291709899902344e-02 2.891302108764648438e-03
2.671504020690917969e-02 2.884864807128906250e-03
2.635860443115234375e-02 2.890110015869140625e-03
2.624535560607910156e-02 2.876996994018554688e-03
2.662062644958496094e-02 2.874612808227539062e-03
2.665662765502929688e-02 2.885580062866210938e-03
2.657794952392578125e-02 2.886772155761718750e-03
2.577352523803710938e-02 2.777576446533203125e-03
2.628016471862792969e-02 2.834320068359375000e-03
2.579116821289062500e-02 2.778053283691406250e-03
2.580904960632324219e-02 2.778530120849609375e-03
