2.079033851623535156e-02 2.862453460693359375e-03
2.122306823730468750e-02 2.924680709838867188e-03
2.126097679138183594e-02 2.905845642089843750e-03
2.120184898376464844e-02 2.897739410400390625e-03
2.110338211059570312e-02 2.915859222412109375e-03
2.088522911071777344e-02 2.816200256347656250e-03
2.062940597534179688e-02 2.826929092407226562e-03
2.078723907470703125e-02 2.880334854125976562e-03
2.051138877868652344e-02 2.801179885864257812e-03
2.092432975769042969e-02 2.850055694580078125e-03
2.012515068054199219e-02 2.722501754760742188e-03
2.073884010314941406e-02 2.859592437744140625e-03
4.627060890197753906e-02 3.528118133544921875e-03
2.105021476745605469e-02 2.830982208251953125e-03
2.062106132507324219e-02 2.869367599487304688e-03
2.025389671325683594e-02 2.756834030151367188e-03
4.562926292419433594e-02 3.931760787963867188e-03
2.288126945495605469e-02 2.967357635498046875e-03
2.134370803833007812e-02 2.955436706542968750e-03
2.059054374694824219e-02 2.842903137207031250e-03
2.091717720031738281e-02 2.845287322998046875e-03
2.059054374694824219e-02 2.825021743774414062e-03
2.003216743469238281e-02 2.753734588623046875e-03
2.049469947814941406e-02 2.834081649780273438e-03
2.086591720581054688e-02 2.826690673828125000e-03
2.063155174255371094e-02 2.827167510986328125e-03
2.005052566528320312e-02 2.753019332885742188e-03
2.060294151306152344e-02 2.837419509887695312e-03
1.989388465881347656e-02 2.715587615966796875e-03
2.074837684631347656e-02 2.822875976562500000e-03
2.018284797668457031e-02 2.722024917602539062e-03
2.073860168457031250e-02 2.975702285766601562e-03
2.003836631774902344e-02 2.762794494628906250e-03
2.067375183105468750e-02 2.819299697875976562e-03
2.074480056762695312e-02 2.862453460693359375e-03
1.995253562927246094e-02 2.760887145996093750e-03
2.075338363647460938e-02 2.816915512084960938e-03
2.052545547485351562e-02 2.829551696777343750e-03
1.986098289489746094e-02 2.743721008300781250e-03
2.006173133850097656e-02 2.708435058593750000e-03
1.990437507629394531e-02 2.727508544921875000e-03
2.004408836364746094e-02 2.718687057495117188e-03
2.009749412536621094e-02 2.705574035644531250e-03
2.009463310241699219e-02 2.719879150390625000e-03
2.010631561279296875e-02 2.717018127441406250e-03
1.996469497680664062e-02 2.739667892456054688e-03
2.006101608276367188e-02 2.728700637817382812e-03
