5.226635932922363281e-02 1.356244087219238281e-02
5.137324333190917969e-02 1.343584060668945312e-02
5.123734474182128906e-02 9.436607360839843750e-03
4.801130294799804688e-02 9.480476379394531250e-03
4.761958122253417969e-02 9.683847427368164062e-03
6.730437278747558594e-02 9.660482406616210938e-03
4.739141464233398438e-02 5.189967155456542969e-02
4.773092269897460938e-02 9.332656860351562500e-03
4.696011543273925781e-02 9.279489517211914062e-03
4.761981964111328125e-02 9.450912475585937500e-03
4.695463180541992188e-02 9.385108947753906250e-03
4.687094688415527344e-02 9.388685226440429688e-03
4.684185981750488281e-02 9.260654449462890625e-03
4.537773132324218750e-02 9.310007095336914062e-03
4.605746269226074219e-02 9.326457977294921875e-03
4.675364494323730469e-02 9.203672409057617188e-03
4.708218574523925781e-02 9.161710739135742188e-03
4.678177833557128906e-02 9.309530258178710938e-03
4.550147056579589844e-02 9.375810623168945312e-03
