3.586268424987792969e-02 3.144979476928710938e-03
3.598880767822265625e-02 3.141880035400390625e-03
3.589916229248046875e-02 3.140687942504882812e-03
3.586149215698242188e-02 3.141641616821289062e-03
3.602695465087890625e-02 3.155708312988281250e-03
3.608512878417968750e-02 3.133535385131835938e-03
3.529167175292968750e-02 2.996683120727539062e-03
3.521418571472167969e-02 3.037691116333007812e-03
3.510403633117675781e-02 2.990961074829101562e-03
3.503203392028808594e-02 3.103733062744140625e-03
3.530073165893554688e-02 3.040552139282226562e-03
3.525328636169433594e-02 3.004789352416992188e-03
3.516459465026855469e-02 3.068447113037109375e-03
3.531908988952636719e-02 2.997159957885742188e-03
3.517818450927734375e-02 3.021240234375000000e-03
