5.417203903198242188e-02 1.387882232666015625e-02
5.210232734680175781e-02 9.952306747436523438e-03
4.773139953613281250e-02 9.913682937622070312e-03
4.650759696960449219e-02 9.362220764160156250e-03
4.741740226745605469e-02 9.542703628540039062e-03
4.592132568359375000e-02 9.326696395874023438e-03
4.648041725158691406e-02 9.415626525878906250e-03
6.454825401306152344e-02 9.500265121459960938e-03
4.600048065185546875e-02 9.766817092895507812e-03
4.508924484252929688e-02 9.397029876708984375e-03
4.754233360290527344e-02 9.585380554199218750e-03
4.619240760803222656e-02 9.482860565185546875e-03
4.741978645324707031e-02 9.591817855834960938e-03
6.645345687866210938e-02 9.413003921508789062e-03
4.615235328674316406e-02 9.409189224243164062e-03
4.708600044250488281e-02 9.588718414306640625e-03
4.746365547180175781e-02 9.549379348754882812e-03
4.766464233398437500e-02 9.536027908325195312e-03
4.715538024902343750e-02 9.563207626342773438e-03
4.759693145751953125e-02 9.541034698486328125e-03
4.705238342285156250e-02 9.566068649291992188e-03
4.728865623474121094e-02 9.657382965087890625e-03
4.656791687011718750e-02 9.620904922485351562e-03
4.616641998291015625e-02 9.384870529174804688e-03
4.748558998107910156e-02 9.629249572753906250e-03
4.733467102050781250e-02 9.528160095214843750e-03
4.754281044006347656e-02 9.526491165161132812e-03
4.664278030395507812e-02 9.505033493041992188e-03
4.728960990905761719e-02 9.582042694091796875e-03
4.777312278747558594e-02 9.614467620849609375e-03
4.680085182189941406e-02 9.387731552124023438e-03
4.655742645263671875e-02 9.392261505126953125e-03
4.643821716308593750e-02 9.441852569580078125e-03
4.721450805664062500e-02 9.454488754272460938e-03
4.670500755310058594e-02 9.388923645019531250e-03
4.670906066894531250e-02 9.393215179443359375e-03
4.677391052246093750e-02 9.407281875610351562e-03
4.947161674499511719e-02 1.077127456665039062e-02
4.921579360961914062e-02 1.014971733093261719e-02
4.761838912963867188e-02 9.822368621826171875e-03
4.713916778564453125e-02 9.497880935668945312e-03
4.775333404541015625e-02 9.602069854736328125e-03
4.706072807312011719e-02 9.458541870117187500e-03
4.655003547668457031e-02 9.444475173950195312e-03
4.672837257385253906e-02 9.485244750976562500e-03
4.670310020446777344e-02 9.487867355346679688e-03
4.669022560119628906e-02 9.412288665771484375e-03
4.740238189697265625e-02 9.568214416503906250e-03
4.669237136840820312e-02 9.415388107299804688e-03
4.634523391723632812e-02 9.394407272338867188e-03
4.689049720764160156e-02 9.516239166259765625e-03
4.682517051696777344e-02 9.409427642822265625e-03
4.692816734313964844e-02 9.388685226440429688e-03
4.702877998352050781e-02 9.432792663574218750e-03
4.790854454040527344e-02 9.685993194580078125e-03
4.685592651367187500e-02 9.470701217651367188e-03
4.681992530822753906e-02 9.498834609985351562e-03
4.677939414978027344e-02 9.490251541137695312e-03
4.666113853454589844e-02 9.400606155395507812e-03
4.661774635314941406e-02 9.435415267944335938e-03
4.715824127197265625e-02 9.641408920288085938e-03
4.663944244384765625e-02 9.442567825317382812e-03
4.683494567871093750e-02 9.390830993652343750e-03
4.682397842407226562e-02 9.405851364135742188e-03
4.682517051696777344e-02 9.354114532470703125e-03
4.694628715515136719e-02 9.504318237304687500e-03
4.510545730590820312e-02 9.395360946655273438e-03
4.746031761169433594e-02 9.655714035034179688e-03
4.664254188537597656e-02 9.532928466796875000e-03
4.635548591613769531e-02 9.391307830810546875e-03
4.562950134277343750e-02 9.368658065795898438e-03
4.716467857360839844e-02 9.500503540039062500e-03
4.683589935302734375e-02 9.381055831909179688e-03
6.368732452392578125e-02 9.586095809936523438e-03
4.598903656005859375e-02 9.444475173950195312e-03
4.672718048095703125e-02 9.373426437377929688e-03
4.870676994323730469e-02 1.077222824096679688e-02
4.835462570190429688e-02 1.003575325012207031e-02
4.797434806823730469e-02 9.593725204467773438e-03
4.825854301452636719e-02 9.754896163940429688e-03
4.721379280090332031e-02 9.454011917114257812e-03
4.660177230834960938e-02 9.363889694213867188e-03
4.641318321228027344e-02 9.349822998046875000e-03
4.680156707763671875e-02 9.384155273437500000e-03
4.641461372375488281e-02 9.337186813354492188e-03
4.696083068847656250e-02 9.516239166259765625e-03
4.687690734863281250e-02 9.533643722534179688e-03
4.676222801208496094e-02 9.435415267944335938e-03
4.663872718811035156e-02 9.402990341186523438e-03
