1.467480659484863281e-01 1.288652420043945312e-02
1.408805847167968750e-01 1.222467422485351562e-02
1.411309242248535156e-01 1.272702217102050781e-02
1.394605636596679688e-01 1.222920417785644531e-02
1.403121948242187500e-01 1.225590705871582031e-02
1.406452655792236328e-01 1.243495941162109375e-02
1.406183242797851562e-01 1.230835914611816406e-02
1.404945850372314453e-01 1.242160797119140625e-02
1.403369903564453125e-01 1.226592063903808594e-02
1.441102027893066406e-01 1.295304298400878906e-02
1.416940689086914062e-01 1.218318939208984375e-02
1.394357681274414062e-01 1.211357116699218750e-02
1.393115520477294922e-01 1.215887069702148438e-02
1.399383544921875000e-01 1.236152648925781250e-02
1.406140327453613281e-01 1.233267784118652344e-02
1.399712562561035156e-01 1.236414909362792969e-02
1.390914916992187500e-01 1.212644577026367188e-02
1.398746967315673828e-01 1.228785514831542969e-02
1.392247676849365234e-01 1.217675209045410156e-02
1.391608715057373047e-01 1.209306716918945312e-02
1.391153335571289062e-01 1.214838027954101562e-02
1.389865875244140625e-01 1.205325126647949219e-02
1.389272212982177734e-01 1.210355758666992188e-02
1.410474777221679688e-01 1.229763031005859375e-02
1.461939811706542969e-01 1.269030570983886719e-02
1.402118206024169922e-01 1.212215423583984375e-02
1.391787528991699219e-01 1.212167739868164062e-02
1.392743587493896484e-01 1.213002204895019531e-02
1.388733386993408203e-01 1.218152046203613281e-02
1.389079093933105469e-01 1.209926605224609375e-02
1.392905712127685547e-01 1.224851608276367188e-02
1.391170024871826172e-01 1.214218139648437500e-02
1.390318870544433594e-01 1.207756996154785156e-02
