4.778885841369628906e-02 1.001143455505371094e-02
4.649400711059570312e-02 9.957313537597656250e-03
4.696822166442871094e-02 9.457111358642578125e-03
4.588270187377929688e-02 9.317874908447265625e-03
4.579186439514160156e-02 9.329795837402343750e-03
4.547786712646484375e-02 9.360790252685546875e-03
4.645347595214843750e-02 9.612560272216796875e-03
4.636168479919433594e-02 9.486675262451171875e-03
4.618287086486816406e-02 9.455919265747070312e-03
4.601883888244628906e-02 9.395360946655273438e-03
4.611849784851074219e-02 9.344100952148437500e-03
4.528069496154785156e-02 9.413719177246093750e-03
4.558157920837402344e-02 9.500026702880859375e-03
4.655313491821289062e-02 9.562969207763671875e-03
4.546236991882324219e-02 9.305715560913085938e-03
4.654121398925781250e-02 9.470224380493164062e-03
4.571366310119628906e-02 9.411573410034179688e-03
4.598617553710937500e-02 9.387016296386718750e-03
4.580187797546386719e-02 9.325504302978515625e-03
4.562783241271972656e-02 9.346246719360351562e-03
4.632782936096191406e-02 9.478807449340820312e-03
4.582571983337402344e-02 9.394645690917968750e-03
4.576587677001953125e-02 9.308338165283203125e-03
4.687547683715820312e-02 9.651899337768554688e-03
6.392216682434082031e-02 9.482860565185546875e-03
4.631519317626953125e-02 1.045179367065429688e-02
4.989933967590332031e-02 9.988069534301757812e-03
4.729056358337402344e-02 9.821653366088867188e-03
4.716205596923828125e-02 9.550571441650390625e-03
4.671859741210937500e-02 9.357929229736328125e-03
4.643034934997558594e-02 9.345293045043945312e-03
4.632520675659179688e-02 9.485960006713867188e-03
4.665112495422363281e-02 9.311199188232421875e-03
4.659700393676757812e-02 9.346485137939453125e-03
