1.694083213806152344e-02 2.524852752685546875e-03
1.737952232360839844e-02 2.595424652099609375e-03
1.722717285156250000e-02 2.693176269531250000e-03
1.712870597839355469e-02 2.540349960327148438e-03
1.709985733032226562e-02 2.603769302368164062e-03
3.844881057739257812e-02 3.541231155395507812e-03
3.460550308227539062e-02 3.365278244018554688e-03
1.781988143920898438e-02 2.611160278320312500e-03
1.655817031860351562e-02 2.536058425903320312e-03
1.651549339294433594e-02 2.486705780029296875e-03
1.735091209411621094e-02 2.663373947143554688e-03
1.724696159362792969e-02 2.631902694702148438e-03
1.713633537292480469e-02 2.593755722045898438e-03
1.752400398254394531e-02 2.672672271728515625e-03
1.717162132263183594e-02 2.674102783203125000e-03
1.722717285156250000e-02 2.635240554809570312e-03
1.661133766174316406e-02 2.532005310058593750e-03
1.669526100158691406e-02 2.558469772338867188e-03
1.738572120666503906e-02 2.670526504516601562e-03
1.710867881774902344e-02 2.596855163574218750e-03
1.735663414001464844e-02 2.718210220336914062e-03
1.767206192016601562e-02 2.923250198364257812e-03
1.793408393859863281e-02 2.863645553588867188e-03
1.705789566040039062e-02 2.785682678222656250e-03
1.724720001220703125e-02 2.696514129638671875e-03
1.779890060424804688e-02 2.765655517578125000e-03
1.785206794738769531e-02 2.748727798461914062e-03
1.773190498352050781e-02 2.721071243286132812e-03
1.764011383056640625e-02 2.707242965698242188e-03
3.242778778076171875e-02 3.334522247314453125e-03
1.792788505554199219e-02 2.771615982055664062e-03
1.664209365844726562e-02 2.492427825927734375e-03
1.727795600891113281e-02 2.635002136230468750e-03
1.715326309204101562e-02 2.618551254272460938e-03
1.708507537841796875e-02 2.615213394165039062e-03
1.646208763122558594e-02 2.547979354858398438e-03
1.649332046508789062e-02 2.529382705688476562e-03
4.787063598632812500e-02 3.821372985839843750e-03
1.877164840698242188e-02 2.511739730834960938e-03
1.642847061157226562e-02 2.520799636840820312e-03
1.641583442687988281e-02 2.519607543945312500e-03
1.626777648925781250e-02 2.549409866333007812e-03
1.643657684326171875e-02 2.501249313354492188e-03
1.696276664733886719e-02 2.629995346069335938e-03
1.699209213256835938e-02 2.624988555908203125e-03
1.622462272644042969e-02 2.509117126464843750e-03
1.645660400390625000e-02 2.557992935180664062e-03
1.625609397888183594e-02 2.515792846679687500e-03
1.636934280395507812e-02 2.516984939575195312e-03
1.630878448486328125e-02 2.526521682739257812e-03
1.644253730773925781e-02 2.521753311157226562e-03
1.627659797668457031e-02 2.530336380004882812e-03
1.632857322692871094e-02 2.516508102416992188e-03
1.659631729125976562e-02 2.507686614990234375e-03
