1.480746269226074219e-02 2.394437789916992188e-03
1.500511169433593750e-02 2.615213394165039062e-03
1.497030258178710938e-02 2.524375915527343750e-03
1.444268226623535156e-02 2.468585968017578125e-03
1.505184173583984375e-02 2.481937408447265625e-03
1.408100128173828125e-02 2.388954162597656250e-03
1.495194435119628906e-02 2.643346786499023438e-03
1.501035690307617188e-02 2.554655075073242188e-03
1.417469978332519531e-02 2.519130706787109375e-03
1.494336128234863281e-02 2.607107162475585938e-03
1.488804817199707031e-02 2.625942230224609375e-03
1.446056365966796875e-02 2.482175827026367188e-03
1.436185836791992188e-02 2.401351928710937500e-03
1.501464843750000000e-02 2.624034881591796875e-03
1.485490798950195312e-02 2.619504928588867188e-03
1.486086845397949219e-02 2.530813217163085938e-03
1.435899734497070312e-02 2.502918243408203125e-03
1.496028900146484375e-02 2.621412277221679688e-03
1.558017730712890625e-02 2.665758132934570312e-03
1.444029808044433594e-02 2.498865127563476562e-03
1.445508003234863281e-02 2.506732940673828125e-03
1.504921913146972656e-02 2.636909484863281250e-03
1.508831977844238281e-02 2.572059631347656250e-03
1.508164405822753906e-02 2.602100372314453125e-03
1.502919197082519531e-02 2.585887908935546875e-03
1.487112045288085938e-02 2.582788467407226562e-03
1.497864723205566406e-02 2.651214599609375000e-03
1.502084732055664062e-02 2.633810043334960938e-03
1.432847976684570312e-02 2.444744110107421875e-03
1.494169235229492188e-02 2.630472183227539062e-03
1.434946060180664062e-02 2.518653869628906250e-03
1.494956016540527344e-02 2.564668655395507812e-03
1.483106613159179688e-02 2.549886703491210938e-03
1.417279243469238281e-02 2.446174621582031250e-03
1.433968544006347656e-02 2.411842346191406250e-03
1.399564743041992188e-02 2.420186996459960938e-03
1.485633850097656250e-02 2.552747726440429688e-03
1.498818397521972656e-02 2.622604370117187500e-03
1.498603820800781250e-02 2.638339996337890625e-03
1.451253890991210938e-02 2.519369125366210938e-03
1.453638076782226562e-02 2.505302429199218750e-03
1.417279243469238281e-02 2.439975738525390625e-03
2.967000007629394531e-02 3.435850143432617188e-03
1.550221443176269531e-02 2.443313598632812500e-03
1.506090164184570312e-02 2.553462982177734375e-03
1.437830924987792969e-02 2.438783645629882812e-03
1.408767700195312500e-02 2.425670623779296875e-03
1.424384117126464844e-02 2.459764480590820312e-03
1.503133773803710938e-02 2.613306045532226562e-03
1.441526412963867188e-02 2.418756484985351562e-03
3.494906425476074219e-02 3.475189208984375000e-03
1.624655723571777344e-02 2.872943878173828125e-03
1.438689231872558594e-02 2.399444580078125000e-03
1.455760002136230469e-02 2.463579177856445312e-03
1.427984237670898438e-02 2.400636672973632812e-03
1.391911506652832031e-02 2.443075180053710938e-03
1.437044143676757812e-02 2.444267272949218750e-03
1.484370231628417969e-02 2.556324005126953125e-03
1.429915428161621094e-02 2.428531646728515625e-03
1.434183120727539062e-02 2.407789230346679688e-03
1.422834396362304688e-02 2.412557601928710938e-03
1.422500610351562500e-02 2.470970153808593750e-03
1.435708999633789062e-02 2.484560012817382812e-03
1.486492156982421875e-02 2.613067626953125000e-03
1.589918136596679688e-02 2.919912338256835938e-03
1.548099517822265625e-02 2.668142318725585938e-03
1.479673385620117188e-02 2.661943435668945312e-03
