2.406120300292968750e-02 2.845048904418945312e-03
2.379345893859863281e-02 2.774477005004882812e-03
2.406334877014160156e-02 2.831697463989257812e-03
2.373099327087402344e-02 2.740621566772460938e-03
2.360486984252929688e-02 2.682924270629882812e-03
2.343368530273437500e-02 2.777338027954101562e-03
2.388906478881835938e-02 2.814769744873046875e-03
2.335619926452636719e-02 2.683639526367187500e-03
2.286958694458007812e-02 2.697944641113281250e-03
2.290844917297363281e-02 2.668142318725585938e-03
2.322983741760253906e-02 2.721309661865234375e-03
2.260184288024902344e-02 2.703428268432617188e-03
2.325367927551269531e-02 2.709865570068359375e-03
2.317786216735839844e-02 2.651214599609375000e-03
2.306485176086425781e-02 2.657175064086914062e-03
5.107188224792480469e-02 3.184080123901367188e-03
2.518701553344726562e-02 2.750158309936523438e-03
2.311134338378906250e-02 2.651453018188476562e-03
2.263808250427246094e-02 2.611875534057617188e-03
2.404236793518066406e-02 2.760648727416992188e-03
2.312493324279785156e-02 2.652406692504882812e-03
2.329015731811523438e-02 2.748489379882812500e-03
2.334189414978027344e-02 2.628803253173828125e-03
2.314448356628417969e-02 2.654075622558593750e-03
2.252149581909179688e-02 2.578020095825195312e-03
2.368831634521484375e-02 2.749681472778320312e-03
2.360892295837402344e-02 2.766847610473632812e-03
2.300596237182617188e-02 2.608060836791992188e-03
2.314758300781250000e-02 2.634286880493164062e-03
2.310729026794433594e-02 2.596855163574218750e-03
2.385878562927246094e-02 2.800941467285156250e-03
2.374339103698730469e-02 2.763748168945312500e-03
2.377080917358398438e-02 2.805233001708984375e-03
2.337503433227539062e-02 2.616167068481445312e-03
2.288675308227539062e-02 2.595424652099609375e-03
2.329182624816894531e-02 2.581596374511718750e-03
2.322936058044433594e-02 2.609729766845703125e-03
2.332997322082519531e-02 2.581834793090820312e-03
2.331256866455078125e-02 2.621889114379882812e-03
2.305722236633300781e-02 2.563953399658203125e-03
2.314805984497070312e-02 2.676486968994140625e-03
2.284908294677734375e-02 2.649545669555664062e-03
