1.484227180480957031e-02 2.532720565795898438e-03
1.523470878601074219e-02 2.637386322021484375e-03
1.508450508117675781e-02 2.656459808349609375e-03
2.722167968750000000e-02 5.312204360961914062e-03
2.993512153625488281e-02 4.915714263916015625e-03
2.061057090759277344e-02 2.949714660644531250e-03
1.488161087036132812e-02 2.547740936279296875e-03
1.494145393371582031e-02 2.618074417114257812e-03
1.502227783203125000e-02 2.593040466308593750e-03
1.436519622802734375e-02 2.451896667480468750e-03
1.495862007141113281e-02 2.592325210571289062e-03
1.503992080688476562e-02 2.630472183227539062e-03
1.509380340576171875e-02 2.573490142822265625e-03
1.505947113037109375e-02 2.578496932983398438e-03
1.502680778503417969e-02 2.605915069580078125e-03
1.507377624511718750e-02 2.597570419311523438e-03
1.444125175476074219e-02 2.499341964721679688e-03
1.487159729003906250e-02 2.533435821533203125e-03
1.446294784545898438e-02 2.487182617187500000e-03
1.499438285827636719e-02 2.593278884887695312e-03
1.437520980834960938e-02 2.385377883911132812e-03
1.428794860839843750e-02 2.420425415039062500e-03
1.451182365417480469e-02 2.432823181152343750e-03
1.418662071228027344e-02 2.523422241210937500e-03
1.512312889099121094e-02 2.607345581054687500e-03
1.488018035888671875e-02 2.555370330810546875e-03
1.445341110229492188e-02 2.505064010620117188e-03
1.418662071228027344e-02 2.457141876220703125e-03
1.491141319274902344e-02 2.548217773437500000e-03
1.504445075988769531e-02 2.599000930786132812e-03
1.512575149536132812e-02 2.582073211669921875e-03
1.498031616210937500e-02 2.598524093627929688e-03
1.439666748046875000e-02 2.381563186645507812e-03
1.419568061828613281e-02 2.453327178955078125e-03
1.499366760253906250e-02 2.533674240112304688e-03
1.497507095336914062e-02 2.509593963623046875e-03
1.435637474060058594e-02 2.449035644531250000e-03
1.506614685058593750e-02 2.525806427001953125e-03
1.407551765441894531e-02 2.439260482788085938e-03
1.452374458312988281e-02 2.403974533081054688e-03
1.496672630310058594e-02 2.472400665283203125e-03
1.504540443420410156e-02 2.551555633544921875e-03
1.491284370422363281e-02 2.571344375610351562e-03
1.434302330017089844e-02 2.400875091552734375e-03
1.423692703247070312e-02 2.446889877319335938e-03
1.427435874938964844e-02 2.444744110107421875e-03
1.494455337524414062e-02 2.609491348266601562e-03
1.425004005432128906e-02 2.446413040161132812e-03
1.491570472717285156e-02 2.531290054321289062e-03
1.419210433959960938e-02 2.479076385498046875e-03
1.494741439819335938e-02 2.601623535156250000e-03
1.438403129577636719e-02 2.459287643432617188e-03
1.474094390869140625e-02 2.526044845581054688e-03
1.487088203430175781e-02 2.524614334106445312e-03
1.489114761352539062e-02 2.557992935180664062e-03
3.512239456176757812e-02 3.524541854858398438e-03
1.630663871765136719e-02 2.572774887084960938e-03
1.423001289367675781e-02 2.433538436889648438e-03
1.487255096435546875e-02 2.521753311157226562e-03
1.417016983032226562e-02 2.437591552734375000e-03
1.499676704406738281e-02 2.488374710083007812e-03
1.510810852050781250e-02 2.569198608398437500e-03
1.490283012390136719e-02 2.561807632446289062e-03
1.486754417419433594e-02 2.581834793090820312e-03
3.517174720764160156e-02 3.561496734619140625e-03
1.635169982910156250e-02 2.489089965820312500e-03
1.409935951232910156e-02 2.419948577880859375e-03
1.412653923034667969e-02 2.407073974609375000e-03
1.491189002990722656e-02 2.507209777832031250e-03
1.430749893188476562e-02 2.399921417236328125e-03
1.415777206420898438e-02 2.375841140747070312e-03
1.433563232421875000e-02 2.367496490478515625e-03
1.423573493957519531e-02 2.425909042358398438e-03
1.421284675598144531e-02 2.382516860961914062e-03
1.417756080627441406e-02 2.431631088256835938e-03
1.435518264770507812e-02 2.405881881713867188e-03
1.494741439819335938e-02 2.509593963623046875e-03
3.531455993652343750e-02 3.544092178344726562e-03
1.637673377990722656e-02 2.429246902465820312e-03
1.426219940185546875e-02 2.369403839111328125e-03
1.436352729797363281e-02 2.411603927612304688e-03
1.418542861938476562e-02 2.418756484985351562e-03
1.417589187622070312e-02 2.381086349487304688e-03
1.439857482910156250e-02 2.448797225952148438e-03
1.489424705505371094e-02 2.611160278320312500e-03
1.561737060546875000e-02 2.850055694580078125e-03
1.541972160339355469e-02 2.628087997436523438e-03
1.495146751403808594e-02 2.627611160278320312e-03
1.469159126281738281e-02 2.541303634643554688e-03
1.465559005737304688e-02 2.540111541748046875e-03
1.471948623657226562e-02 2.541303634643554688e-03
1.471972465515136719e-02 2.539873123168945312e-03
1.511621475219726562e-02 2.586841583251953125e-03
1.444864273071289062e-02 2.491712570190429688e-03
1.459002494812011719e-02 2.503395080566406250e-03
1.455640792846679688e-02 2.503871917724609375e-03
1.453948020935058594e-02 2.493381500244140625e-03
1.450538635253906250e-02 2.494096755981445312e-03
1.443147659301757812e-02 2.401113510131835938e-03
1.438760757446289062e-02 2.414941787719726562e-03
