7.251644134521484375e-02 1.412868499755859375e-02
6.874990463256835938e-02 1.068973541259765625e-02
6.555151939392089844e-02 1.034832000732421875e-02
6.579756736755371094e-02 9.993791580200195312e-03
6.486988067626953125e-02 9.931802749633789062e-03
6.572103500366210938e-02 1.004409790039062500e-02
6.549000740051269531e-02 1.012754440307617188e-02
6.559395790100097656e-02 1.001191139221191406e-02
6.438589096069335938e-02 1.001310348510742188e-02
6.448411941528320312e-02 1.000714302062988281e-02
6.552338600158691406e-02 1.011967658996582031e-02
6.440997123718261719e-02 9.978771209716796875e-03
6.426072120666503906e-02 1.002812385559082031e-02
6.457233428955078125e-02 9.947299957275390625e-03
6.439828872680664062e-02 1.001238822937011719e-02
6.540560722351074219e-02 1.012229919433593750e-02
6.970047950744628906e-02 1.072192192077636719e-02
6.796598434448242188e-02 1.037287712097167969e-02
6.661152839660644531e-02 9.971857070922851562e-03
6.540393829345703125e-02 9.972810745239257812e-03
6.532883644104003906e-02 9.968042373657226562e-03
6.569743156433105469e-02 1.007604598999023438e-02
6.567072868347167969e-02 9.909391403198242188e-03
6.533670425415039062e-02 9.915351867675781250e-03
6.537055969238281250e-02 9.996652603149414062e-03
