1.863694190979003906e-02 2.641201019287109375e-03
1.872014999389648438e-02 2.678155899047851562e-03
1.867437362670898438e-02 2.718210220336914062e-03
1.800537109375000000e-02 2.660512924194335938e-03
1.859235763549804688e-02 2.673625946044921875e-03
1.808190345764160156e-02 2.678632736206054688e-03
1.880669593811035156e-02 2.767801284790039062e-03
3.640699386596679688e-02 3.280639648437500000e-03
1.900649070739746094e-02 2.731800079345703125e-03
1.819300651550292969e-02 2.669811248779296875e-03
1.811337471008300781e-02 2.629756927490234375e-03
1.809620857238769531e-02 2.625465393066406250e-03
1.866078376770019531e-02 2.741336822509765625e-03
1.836729049682617188e-02 2.683162689208984375e-03
1.878571510314941406e-02 2.692937850952148438e-03
1.812100410461425781e-02 2.662181854248046875e-03
1.837611198425292969e-02 2.651929855346679688e-03
1.912689208984375000e-02 2.765178680419921875e-03
1.825332641601562500e-02 2.674579620361328125e-03
3.154039382934570312e-02 2.985477447509765625e-03
1.963686943054199219e-02 2.841234207153320312e-03
1.880693435668945312e-02 2.743959426879882812e-03
3.628754615783691406e-02 3.337860107421875000e-03
1.931619644165039062e-02 2.835988998413085938e-03
1.855707168579101562e-02 2.710342407226562500e-03
1.916289329528808594e-02 2.828359603881835938e-03
1.874113082885742188e-02 2.765655517578125000e-03
1.809072494506835938e-02 2.663135528564453125e-03
1.866102218627929688e-02 2.719402313232421875e-03
1.824569702148437500e-02 2.654790878295898438e-03
1.887822151184082031e-02 2.735853195190429688e-03
1.874947547912597656e-02 2.731800079345703125e-03
1.824212074279785156e-02 2.624034881591796875e-03
1.832008361816406250e-02 2.671718597412109375e-03
1.801967620849609375e-02 2.576112747192382812e-03
1.851677894592285156e-02 2.752304077148437500e-03
1.872730255126953125e-02 2.724647521972656250e-03
1.811885833740234375e-02 2.666234970092773438e-03
1.870393753051757812e-02 2.681016921997070312e-03
1.879262924194335938e-02 2.743959426879882812e-03
1.807522773742675781e-02 2.625942230224609375e-03
1.871705055236816406e-02 2.741575241088867188e-03
1.874804496765136719e-02 2.706527709960937500e-03
1.870942115783691406e-02 2.667427062988281250e-03
1.870584487915039062e-02 2.796173095703125000e-03
1.867485046386718750e-02 2.732276916503906250e-03
1.869773864746093750e-02 2.739191055297851562e-03
1.807594299316406250e-02 2.654075622558593750e-03
1.802659034729003906e-02 2.616405487060546875e-03
1.875400543212890625e-02 2.708673477172851562e-03
1.819634437561035156e-02 2.588510513305664062e-03
1.815032958984375000e-02 2.635955810546875000e-03
1.797413825988769531e-02 2.630233764648437500e-03
1.860380172729492188e-02 2.703905105590820312e-03
1.810979843139648438e-02 2.584457397460937500e-03
1.870679855346679688e-02 2.755641937255859375e-03
1.805210113525390625e-02 2.633333206176757812e-03
1.867508888244628906e-02 2.722501754760742188e-03
3.451776504516601562e-02 3.293037414550781250e-03
1.868152618408203125e-02 2.658128738403320312e-03
1.810622215270996094e-02 2.575874328613281250e-03
1.810789108276367188e-02 2.581834793090820312e-03
1.791477203369140625e-02 2.598285675048828125e-03
1.794838905334472656e-02 2.569437026977539062e-03
1.784062385559082031e-02 2.625942230224609375e-03
1.786136627197265625e-02 2.612113952636718750e-03
1.784586906433105469e-02 2.592086791992187500e-03
1.788020133972167969e-02 2.591133117675781250e-03
