6.935334205627441406e-02 1.026248931884765625e-02
7.342767715454101562e-02 1.056575775146484375e-02
6.875944137573242188e-02 1.009845733642578125e-02
6.584262847900390625e-02 9.929418563842773438e-03
6.664443016052246094e-02 1.024198532104492188e-02
6.586718559265136719e-02 9.928703308105468750e-03
6.682515144348144531e-02 9.987115859985351562e-03
6.669569015502929688e-02 9.993314743041992188e-03
6.549167633056640625e-02 9.889602661132812500e-03
6.866598129272460938e-02 1.060557365417480469e-02
6.875729560852050781e-02 1.062321662902832031e-02
6.750631332397460938e-02 9.865522384643554688e-03
6.585216522216796875e-02 9.784221649169921875e-03
6.711959838867187500e-02 1.000761985778808594e-02
8.651280403137207031e-02 1.022481918334960938e-02
6.579041481018066406e-02 9.887695312500000000e-03
6.638956069946289062e-02 9.808778762817382812e-03
6.582188606262207031e-02 1.029157638549804688e-02
6.655335426330566406e-02 9.901285171508789062e-03
6.574606895446777344e-02 9.932994842529296875e-03
6.548619270324707031e-02 9.825944900512695312e-03
6.547498703002929688e-02 9.782791137695312500e-03
6.595802307128906250e-02 9.750127792358398438e-03
6.576490402221679688e-02 9.779453277587890625e-03
6.732439994812011719e-02 1.011466979980468750e-02
6.676602363586425781e-02 9.971618652343750000e-03
6.579136848449707031e-02 9.863138198852539062e-03
6.567525863647460938e-02 1.025462150573730469e-02
8.368659019470214844e-02 9.787559509277343750e-03
6.581807136535644531e-02 9.854555130004882812e-03
6.548786163330078125e-02 9.834527969360351562e-03
6.574177742004394531e-02 9.870767593383789062e-03
6.590890884399414062e-02 9.808301925659179688e-03
6.586003303527832031e-02 9.816408157348632812e-03
6.598949432373046875e-02 9.985446929931640625e-03
6.580376625061035156e-02 9.653329849243164062e-03
6.589150428771972656e-02 9.880304336547851562e-03
6.573724746704101562e-02 1.000928878784179688e-02
