7.416987419128417969e-02 1.073336601257324219e-02
7.406091690063476562e-02 1.063442230224609375e-02
7.888865470886230469e-02 1.083350181579589844e-02
7.290625572204589844e-02 1.034975051879882812e-02
9.062790870666503906e-02 1.024341583251953125e-02
7.217979431152343750e-02 1.029729843139648438e-02
7.217597961425781250e-02 1.020216941833496094e-02
7.258152961730957031e-02 1.046824455261230469e-02
7.335424423217773438e-02 5.223059654235839844e-02
7.255458831787109375e-02 1.036143302917480469e-02
7.258629798889160156e-02 1.020026206970214844e-02
7.239270210266113281e-02 1.026821136474609375e-02
7.126784324645996094e-02 1.020121574401855469e-02
7.120633125305175781e-02 1.015210151672363281e-02
7.123160362243652344e-02 1.007652282714843750e-02
7.133579254150390625e-02 1.017522811889648438e-02
7.098722457885742188e-02 1.013684272766113281e-02
7.103490829467773438e-02 1.020169258117675781e-02
7.132720947265625000e-02 1.003885269165039062e-02
7.141470909118652344e-02 1.005864143371582031e-02
7.123208045959472656e-02 1.009869575500488281e-02
7.253742218017578125e-02 1.033234596252441406e-02
7.155561447143554688e-02 1.017093658447265625e-02
7.127046585083007812e-02 1.014113426208496094e-02
7.230973243713378906e-02 1.038694381713867188e-02
7.138633728027343750e-02 1.007175445556640625e-02
7.124328613281250000e-02 1.009011268615722656e-02
7.104301452636718750e-02 1.005959510803222656e-02
7.719469070434570312e-02 1.053833961486816406e-02
9.244751930236816406e-02 1.044797897338867188e-02
7.127475738525390625e-02 1.015329360961914062e-02
7.139325141906738281e-02 1.023101806640625000e-02
7.113432884216308594e-02 1.008057594299316406e-02
7.222008705139160156e-02 1.021265983581542969e-02
7.123184204101562500e-02 1.019549369812011719e-02
7.152271270751953125e-02 1.028180122375488281e-02
7.144379615783691406e-02 1.017522811889648438e-02
7.101917266845703125e-02 1.009726524353027344e-02
7.148337364196777344e-02 1.012635231018066406e-02
7.120323181152343750e-02 1.025605201721191406e-02
7.122993469238281250e-02 1.015090942382812500e-02
7.124018669128417969e-02 1.004123687744140625e-02
7.120490074157714844e-02 1.007866859436035156e-02
