9.016561508178710938e-02 1.126265525817871094e-02
8.966469764709472656e-02 1.139402389526367188e-02
8.982419967651367188e-02 1.071596145629882812e-02
8.941769599914550781e-02 1.068139076232910156e-02
8.931875228881835938e-02 1.059484481811523438e-02
8.934545516967773438e-02 1.048755645751953125e-02
8.956313133239746094e-02 1.074409484863281250e-02
8.936452865600585938e-02 1.070475578308105469e-02
8.920288085937500000e-02 1.057529449462890625e-02
8.900237083435058594e-02 1.059126853942871094e-02
8.866763114929199219e-02 1.063871383666992188e-02
8.936834335327148438e-02 1.069974899291992188e-02
8.938455581665039062e-02 1.061868667602539062e-02
8.938956260681152344e-02 1.051974296569824219e-02
8.833765983581542969e-02 1.058912277221679688e-02
8.928608894348144531e-02 1.052093505859375000e-02
8.900833129882812500e-02 1.058626174926757812e-02
8.920454978942871094e-02 1.053071022033691406e-02
8.937859535217285156e-02 1.058173179626464844e-02
8.942818641662597656e-02 1.049733161926269531e-02
8.920049667358398438e-02 1.058387756347656250e-02
