3.596520423889160156e-02 3.156900405883789062e-03
5.522727966308593750e-02 3.113031387329101562e-03
3.599596023559570312e-02 3.171443939208984375e-03
3.608703613281250000e-02 3.161907196044921875e-03
3.611540794372558594e-02 3.068447113037109375e-03
3.608274459838867188e-02 3.132581710815429688e-03
3.611230850219726562e-02 3.105401992797851562e-03
3.613829612731933594e-02 3.118276596069335938e-03
3.816914558410644531e-02 3.573417663574218750e-03
3.730058670043945312e-02 3.273963928222656250e-03
3.703427314758300781e-02 3.230333328247070312e-03
3.673124313354492188e-02 3.192186355590820312e-03
3.639864921569824219e-02 3.142356872558593750e-03
3.604602813720703125e-02 3.268957138061523438e-03
3.643345832824707031e-02 3.174543380737304688e-03
3.701615333557128906e-02 3.149271011352539062e-03
3.640007972717285156e-02 3.158807754516601562e-03
3.552675247192382812e-02 3.030776977539062500e-03
3.547930717468261719e-02 2.999305725097656250e-03
3.596520423889160156e-02 3.127098083496093750e-03
3.627967834472656250e-02 3.126621246337890625e-03
3.527903556823730469e-02 3.008127212524414062e-03
3.513240814208984375e-02 2.986907958984375000e-03
3.506922721862792969e-02 2.991437911987304688e-03
3.508877754211425781e-02 2.999544143676757812e-03
3.594684600830078125e-02 3.101348876953125000e-03
3.576970100402832031e-02 2.988338470458984375e-03
3.545069694519042969e-02 2.991199493408203125e-03
3.535747528076171875e-02 2.985477447509765625e-03
3.506588935852050781e-02 3.017663955688476562e-03
3.558397293090820312e-02 3.004312515258789062e-03
3.507852554321289062e-02 2.982139587402343750e-03
3.602576255798339844e-02 3.202915191650390625e-03
3.525948524475097656e-02 2.999067306518554688e-03
3.508472442626953125e-02 2.998352050781250000e-03
3.614616394042968750e-02 3.127813339233398438e-03
3.537011146545410156e-02 2.985239028930664062e-03
3.610801696777343750e-02 3.164052963256835938e-03
3.540444374084472656e-02 3.034830093383789062e-03
3.527665138244628906e-02 3.021240234375000000e-03
3.508090972900390625e-02 2.995014190673828125e-03
3.601527214050292969e-02 3.064632415771484375e-03
3.611445426940917969e-02 3.163814544677734375e-03
3.606653213500976562e-02 3.041505813598632812e-03
3.546714782714843750e-02 3.031492233276367188e-03
3.637123107910156250e-02 3.145456314086914062e-03
3.527855873107910156e-02 2.997159957885742188e-03
3.523826599121093750e-02 3.027915954589843750e-03
3.517079353332519531e-02 3.055572509765625000e-03
3.530502319335937500e-02 2.998590469360351562e-03
3.534960746765136719e-02 3.037691116333007812e-03
3.541588783264160156e-02 3.144025802612304688e-03
3.543114662170410156e-02 2.989530563354492188e-03
3.524827957153320312e-02 2.996444702148437500e-03
3.510570526123046875e-02 3.005027770996093750e-03
