3.295755386352539062e-02 3.034591674804687500e-03
3.282380104064941406e-02 2.990484237670898438e-03
3.305768966674804688e-02 3.051996231079101562e-03
3.299331665039062500e-02 3.031015396118164062e-03
3.284430503845214844e-02 2.969503402709960938e-03
3.292226791381835938e-02 3.009557723999023438e-03
4.950094223022460938e-02 2.898693084716796875e-03
3.301930427551269531e-02 3.000259399414062500e-03
3.254222869873046875e-02 2.905130386352539062e-03
3.317046165466308594e-02 3.009080886840820312e-03
3.313827514648437500e-02 2.946853637695312500e-03
3.299069404602050781e-02 2.953529357910156250e-03
3.314709663391113281e-02 3.028392791748046875e-03
3.337383270263671875e-02 2.997159957885742188e-03
3.302955627441406250e-02 2.971410751342773438e-03
3.275489807128906250e-02 3.026008605957031250e-03
3.230547904968261719e-02 2.908945083618164062e-03
3.223252296447753906e-02 2.912759780883789062e-03
1.084120273590087891e-01 3.571271896362304688e-03
3.326559066772460938e-02 3.000259399414062500e-03
3.297924995422363281e-02 3.005266189575195312e-03
3.298282623291015625e-02 2.993822097778320312e-03
3.307533264160156250e-02 3.005027770996093750e-03
3.325438499450683594e-02 3.052711486816406250e-03
3.321075439453125000e-02 3.014564514160156250e-03
3.297281265258789062e-02 2.979516983032226562e-03
3.216576576232910156e-02 2.937793731689453125e-03
3.307986259460449219e-02 3.008842468261718750e-03
3.395223617553710938e-02 3.252029418945312500e-03
3.409147262573242188e-02 3.160715103149414062e-03
3.333997726440429688e-02 3.037929534912109375e-03
3.316378593444824219e-02 3.058433532714843750e-03
3.386902809143066406e-02 3.138303756713867188e-03
3.292369842529296875e-02 2.934217453002929688e-03
3.311300277709960938e-02 3.031730651855468750e-03
3.340792655944824219e-02 3.045082092285156250e-03
3.307485580444335938e-02 3.008127212524414062e-03
3.299355506896972656e-02 2.985000610351562500e-03
3.280162811279296875e-02 3.014802932739257812e-03
3.306889533996582031e-02 3.027915954589843750e-03
3.285455703735351562e-02 3.007888793945312500e-03
3.313970565795898438e-02 3.004789352416992188e-03
3.252673149108886719e-02 2.864122390747070312e-03
3.300690650939941406e-02 2.902507781982421875e-03
3.225922584533691406e-02 2.885341644287109375e-03
3.223109245300292969e-02 2.917766571044921875e-03
3.294539451599121094e-02 2.991199493408203125e-03
3.216409683227539062e-02 2.895116806030273438e-03
3.216791152954101562e-02 2.969264984130859375e-03
3.245782852172851562e-02 3.026485443115234375e-03
3.190255165100097656e-02 2.844810485839843750e-03
3.225421905517578125e-02 2.890348434448242188e-03
3.234601020812988281e-02 2.876996994018554688e-03
3.216218948364257812e-02 2.889156341552734375e-03
3.238511085510253906e-02 2.932071685791015625e-03
3.255105018615722656e-02 2.947568893432617188e-03
