1.320438385009765625e-01 1.650643348693847656e-02
1.336143016815185547e-01 1.192331314086914062e-02
1.307554244995117188e-01 1.239609718322753906e-02
1.357078552246093750e-01 1.245975494384765625e-02
1.319570541381835938e-01 1.212167739868164062e-02
1.306712627410888672e-01 1.203131675720214844e-02
1.295056343078613281e-01 1.184701919555664062e-02
1.296262741088867188e-01 1.194024085998535156e-02
1.297483444213867188e-01 1.185274124145507812e-02
1.296820640563964844e-01 1.190161705017089844e-02
1.312403678894042969e-01 1.228213310241699219e-02
1.295797824859619141e-01 1.191568374633789062e-02
1.293790340423583984e-01 1.189684867858886719e-02
1.293189525604248047e-01 1.189589500427246094e-02
1.304094791412353516e-01 1.212167739868164062e-02
1.299245357513427734e-01 1.195168495178222656e-02
1.294310092926025391e-01 1.192593574523925781e-02
1.297476291656494141e-01 1.186180114746093750e-02
1.295819282531738281e-01 1.319694519042968750e-02
1.344172954559326172e-01 1.230621337890625000e-02
1.295874118804931641e-01 1.201796531677246094e-02
1.284530162811279297e-01 1.186561584472656250e-02
1.288738250732421875e-01 1.193356513977050781e-02
1.286525726318359375e-01 1.187181472778320312e-02
