1.417000293731689453e-01 1.641082763671875000e-02
1.309430599212646484e-01 1.180982589721679688e-02
1.291825771331787109e-01 1.194834709167480469e-02
1.293210983276367188e-01 1.202034950256347656e-02
1.295363903045654297e-01 1.187777519226074219e-02
1.291244029998779297e-01 1.228904724121093750e-02
1.282126903533935547e-01 1.181817054748535156e-02
1.292636394500732422e-01 1.194190979003906250e-02
1.292350292205810547e-01 1.196551322937011719e-02
1.295258998870849609e-01 1.194524765014648438e-02
1.296246051788330078e-01 1.194071769714355469e-02
1.290900707244873047e-01 1.193404197692871094e-02
1.328723430633544922e-01 1.260805130004882812e-02
1.316101551055908203e-01 1.211166381835937500e-02
1.294493675231933594e-01 1.192545890808105469e-02
1.290144920349121094e-01 1.198172569274902344e-02
1.282999515533447266e-01 1.187992095947265625e-02
1.297013759613037109e-01 1.212358474731445312e-02
1.281037330627441406e-01 1.186180114746093750e-02
1.292688846588134766e-01 1.194024085998535156e-02
1.280164718627929688e-01 1.174521446228027344e-02
1.284794807434082031e-01 1.181697845458984375e-02
1.292448043823242188e-01 1.190257072448730469e-02
1.282124519348144531e-01 1.174926757812500000e-02
1.282117366790771484e-01 1.185464859008789062e-02
1.291346549987792969e-01 1.186084747314453125e-02
1.292448043823242188e-01 1.188969612121582031e-02
1.279928684234619141e-01 1.182627677917480469e-02
1.320583820343017578e-01 1.247644424438476562e-02
1.285812854766845703e-01 1.187252998352050781e-02
1.250522136688232422e-01 1.182818412780761719e-02
1.250429153442382812e-01 1.190257072448730469e-02
1.249601840972900391e-01 1.173973083496093750e-02
1.251442432403564453e-01 1.180624961853027344e-02
1.255643367767333984e-01 1.178336143493652344e-02
1.249530315399169922e-01 1.175308227539062500e-02
1.257426738739013672e-01 1.191282272338867188e-02
1.256475448608398438e-01 1.186084747314453125e-02
1.248593330383300781e-01 1.172733306884765625e-02
1.251881122589111328e-01 1.180911064147949219e-02
1.249334812164306641e-01 1.221227645874023438e-02
1.254055500030517578e-01 1.180219650268554688e-02
1.249172687530517578e-01 1.177334785461425781e-02
1.250805854797363281e-01 1.174259185791015625e-02
1.286134719848632812e-01 1.254820823669433594e-02
1.296145915985107422e-01 1.209354400634765625e-02
