1.711297035217285156e-02 2.625703811645507812e-03
1.728463172912597656e-02 2.718210220336914062e-03
1.716256141662597656e-02 2.626180648803710938e-03
1.726937294006347656e-02 2.656459808349609375e-03
1.726675033569335938e-02 2.621173858642578125e-03
1.725077629089355469e-02 2.762317657470703125e-03
1.657557487487792969e-02 2.510547637939453125e-03
1.731967926025390625e-02 2.594709396362304688e-03
1.719021797180175781e-02 2.588272094726562500e-03
1.715159416198730469e-02 2.624034881591796875e-03
1.650118827819824219e-02 2.472639083862304688e-03
3.842854499816894531e-02 3.464460372924804688e-03
1.776909828186035156e-02 2.595663070678710938e-03
1.719450950622558594e-02 2.640008926391601562e-03
1.717734336853027344e-02 2.584695816040039062e-03
1.727581024169921875e-02 2.600669860839843750e-03
1.715755462646484375e-02 2.676010131835937500e-03
3.197503089904785156e-02 3.226518630981445312e-03
1.766777038574218750e-02 2.616882324218750000e-03
1.655340194702148438e-02 2.511262893676757812e-03
1.716947555541992188e-02 2.648353576660156250e-03
3.832125663757324219e-02 3.466129302978515625e-03
3.446221351623535156e-02 3.374814987182617188e-03
1.779937744140625000e-02 2.655506134033203125e-03
1.669955253601074219e-02 2.544403076171875000e-03
3.228807449340820312e-02 3.227472305297851562e-03
1.775217056274414062e-02 2.670764923095703125e-03
1.712465286254882812e-02 2.630949020385742188e-03
1.724839210510253906e-02 2.599477767944335938e-03
1.729011535644531250e-02 2.634048461914062500e-03
1.672697067260742188e-02 2.539157867431640625e-03
3.900098800659179688e-02 3.541946411132812500e-03
1.797676086425781250e-02 2.625942230224609375e-03
1.739716529846191406e-02 2.681493759155273438e-03
1.742553710937500000e-02 2.588987350463867188e-03
1.737618446350097656e-02 2.589464187622070312e-03
1.734733581542968750e-02 2.668380737304687500e-03
1.787686347961425781e-02 2.667665481567382812e-03
1.744294166564941406e-02 2.655506134033203125e-03
1.734161376953125000e-02 2.647876739501953125e-03
1.738381385803222656e-02 2.647161483764648438e-03
1.734089851379394531e-02 2.655029296875000000e-03
1.748919486999511719e-02 2.679347991943359375e-03
1.724672317504882812e-02 2.655744552612304688e-03
1.741552352905273438e-02 2.684593200683593750e-03
5.199766159057617188e-02 3.904104232788085938e-03
1.765131950378417969e-02 2.647638320922851562e-03
1.612854003906250000e-02 2.604722976684570312e-03
1.620888710021972656e-02 2.675294876098632812e-03
3.091382980346679688e-02 3.259897232055664062e-03
1.665544509887695312e-02 2.610683441162109375e-03
1.613616943359375000e-02 2.662897109985351562e-03
1.621794700622558594e-02 2.619266510009765625e-03
2.281475067138671875e-02 2.831935882568359375e-03
1.651430130004882812e-02 2.710580825805664062e-03
1.610136032104492188e-02 2.716302871704101562e-03
1.589846611022949219e-02 2.610683441162109375e-03
1.641869544982910156e-02 2.703189849853515625e-03
1.643967628479003906e-02 2.698421478271484375e-03
1.632952690124511719e-02 2.638816833496093750e-03
3.091120719909667969e-02 3.274440765380859375e-03
1.671600341796875000e-02 2.650737762451171875e-03
1.619911193847656250e-02 2.622604370117187500e-03
1.606225967407226562e-02 2.597570419311523438e-03
1.610374450683593750e-02 2.593517303466796875e-03
1.610589027404785156e-02 2.592563629150390625e-03
1.607728004455566406e-02 2.618312835693359375e-03
1.606392860412597656e-02 2.613306045532226562e-03
1.607179641723632812e-02 2.630472183227539062e-03
1.543927192687988281e-02 2.534389495849609375e-03
1.540470123291015625e-02 2.501726150512695312e-03
1.556205749511718750e-02 2.513885498046875000e-03
1.612162590026855469e-02 2.613067626953125000e-03
1.613402366638183594e-02 2.597808837890625000e-03
1.613807678222656250e-02 2.626180648803710938e-03
1.558685302734375000e-02 2.515554428100585938e-03
1.551294326782226562e-02 2.509593963623046875e-03
1.543283462524414062e-02 2.504825592041015625e-03
1.544117927551269531e-02 2.517223358154296875e-03
1.547050476074218750e-02 2.511739730834960938e-03
1.541996002197265625e-02 2.499818801879882812e-03
1.539707183837890625e-02 2.518177032470703125e-03
1.541996002197265625e-02 2.519130706787109375e-03
1.539349555969238281e-02 2.583980560302734375e-03
1.551556587219238281e-02 2.490520477294921875e-03
1.538419723510742188e-02 2.515792846679687500e-03
1.539254188537597656e-02 2.512216567993164062e-03
1.538515090942382812e-02 2.521276473999023438e-03
