4.669785499572753906e-02 2.896308898925781250e-03
3.213405609130859375e-02 2.994537353515625000e-03
3.284311294555664062e-02 3.024578094482421875e-03
3.236699104309082031e-02 2.839565277099609375e-03
3.210425376892089844e-02 2.845287322998046875e-03
3.258919715881347656e-02 3.035068511962890625e-03
3.230571746826171875e-02 2.862930297851562500e-03
3.204751014709472656e-02 2.923727035522460938e-03
3.224158287048339844e-02 2.877235412597656250e-03
3.216934204101562500e-02 2.957105636596679688e-03
3.214263916015625000e-02 2.878189086914062500e-03
3.200030326843261719e-02 2.895116806030273438e-03
3.203225135803222656e-02 2.861022949218750000e-03
3.231668472290039062e-02 2.933263778686523438e-03
3.205561637878417969e-02 2.847909927368164062e-03
3.214931488037109375e-02 2.864122390747070312e-03
3.179621696472167969e-02 2.873182296752929688e-03
