2.366399765014648438e-02 2.780199050903320312e-03
2.309942245483398438e-02 2.705574035644531250e-03
2.327370643615722656e-02 2.722501754760742188e-03
4.455590248107910156e-02 3.046751022338867188e-03
2.319931983947753906e-02 2.602338790893554688e-03
2.390933036804199219e-02 2.753734588623046875e-03
2.338504791259765625e-02 2.737045288085937500e-03
2.336072921752929688e-02 2.690315246582031250e-03
2.324008941650390625e-02 2.692699432373046875e-03
2.307987213134765625e-02 2.663612365722656250e-03
2.353596687316894531e-02 2.632856369018554688e-03
2.367997169494628906e-02 2.808094024658203125e-03
2.326369285583496094e-02 2.673625946044921875e-03
2.354240417480468750e-02 2.799272537231445312e-03
2.293467521667480469e-02 2.651453018188476562e-03
2.370643615722656250e-02 2.731084823608398438e-03
2.362775802612304688e-02 2.787351608276367188e-03
2.378463745117187500e-02 2.819061279296875000e-03
2.391624450683593750e-02 2.810478210449218750e-03
2.301812171936035156e-02 2.685308456420898438e-03
6.023859977722167969e-02 3.236055374145507812e-03
2.376294136047363281e-02 2.641916275024414062e-03
2.281713485717773438e-02 2.635478973388671875e-03
2.366304397583007812e-02 2.732753753662109375e-03
2.334690093994140625e-02 2.730131149291992188e-03
2.327537536621093750e-02 2.736568450927734375e-03
2.338409423828125000e-02 2.770662307739257812e-03
2.308702468872070312e-02 2.634286880493164062e-03
2.285742759704589844e-02 2.628087997436523438e-03
2.283143997192382812e-02 2.645969390869140625e-03
4.019165039062500000e-02 2.971887588500976562e-03
2.399611473083496094e-02 2.766370773315429688e-03
2.291512489318847656e-02 2.707242965698242188e-03
2.301955223083496094e-02 2.625703811645507812e-03
2.338504791259765625e-02 2.751111984252929688e-03
2.356266975402832031e-02 2.757072448730468750e-03
2.274799346923828125e-02 2.629280090332031250e-03
2.345871925354003906e-02 2.793073654174804688e-03
2.366018295288085938e-02 2.791643142700195312e-03
4.365396499633789062e-02 3.012895584106445312e-03
2.320694923400878906e-02 2.725362777709960938e-03
2.336120605468750000e-02 2.732992172241210938e-03
2.266001701354980469e-02 2.646207809448242188e-03
2.284693717956542969e-02 2.634763717651367188e-03
2.314138412475585938e-02 2.657651901245117188e-03
2.304768562316894531e-02 2.628564834594726562e-03
2.277183532714843750e-02 2.641916275024414062e-03
2.289986610412597656e-02 2.732992172241210938e-03
2.220439910888671875e-02 2.644300460815429688e-03
2.198648452758789062e-02 2.627849578857421875e-03
2.255368232727050781e-02 2.624988555908203125e-03
2.314019203186035156e-02 2.642631530761718750e-03
2.286624908447265625e-02 2.628803253173828125e-03
2.331662178039550781e-02 2.633810043334960938e-03
2.303743362426757812e-02 2.627849578857421875e-03
2.395653724670410156e-02 2.938270568847656250e-03
2.457523345947265625e-02 2.795696258544921875e-03
