3.773713111877441406e-02 3.154993057250976562e-03
3.771996498107910156e-02 3.168344497680664062e-03
3.776097297668457031e-02 3.192424774169921875e-03
3.714299201965332031e-02 3.156423568725585938e-03
3.740715980529785156e-02 3.069639205932617188e-03
3.711795806884765625e-02 3.073215484619140625e-03
3.708052635192871094e-02 3.092288970947265625e-03
3.745293617248535156e-02 3.060579299926757812e-03
3.701043128967285156e-02 3.096580505371093750e-03
3.718781471252441406e-02 3.148555755615234375e-03
3.722739219665527344e-02 3.114223480224609375e-03
3.759956359863281250e-02 3.082513809204101562e-03
3.709578514099121094e-02 3.137826919555664062e-03
3.715896606445312500e-02 3.085136413574218750e-03
3.717660903930664062e-02 3.084421157836914062e-03
3.714084625244140625e-02 3.107786178588867188e-03
3.651261329650878906e-02 2.983808517456054688e-03
3.644919395446777344e-02 3.078937530517578125e-03
3.698158264160156250e-02 3.156185150146484375e-03
3.721547126770019531e-02 3.102302551269531250e-03
3.709435462951660156e-02 3.128290176391601562e-03
3.726744651794433594e-02 3.120422363281250000e-03
3.655171394348144531e-02 2.991914749145507812e-03
3.708600997924804688e-02 3.100395202636718750e-03
3.726291656494140625e-02 3.170013427734375000e-03
3.724384307861328125e-02 3.153324127197265625e-03
3.658866882324218750e-02 2.975463867187500000e-03
3.730940818786621094e-02 3.093481063842773438e-03
3.738117218017578125e-02 3.146409988403320312e-03
3.644680976867675781e-02 2.975702285766601562e-03
3.648710250854492188e-02 2.967596054077148438e-03
3.706526756286621094e-02 3.134012222290039062e-03
3.722906112670898438e-02 3.139019012451171875e-03
3.725624084472656250e-02 3.074884414672851562e-03
3.731203079223632812e-02 3.083467483520507812e-03
3.716444969177246094e-02 3.070116043090820312e-03
3.723740577697753906e-02 3.091096878051757812e-03
3.645658493041992188e-02 3.009796142578125000e-03
3.674530982971191406e-02 3.035783767700195312e-03
5.351829528808593750e-02 2.953767776489257812e-03
3.664302825927734375e-02 3.014564514160156250e-03
3.649902343750000000e-02 2.960205078125000000e-03
5.353999137878417969e-02 2.956867218017578125e-03
3.658246994018554688e-02 3.062248229980468750e-03
3.699064254760742188e-02 3.034114837646484375e-03
3.745102882385253906e-02 3.072261810302734375e-03
3.624129295349121094e-02 2.970218658447265625e-03
3.623270988464355469e-02 2.995252609252929688e-03
3.630590438842773438e-02 3.023862838745117188e-03
3.784251213073730469e-02 3.443717956542968750e-03
3.799152374267578125e-02 3.125190734863281250e-03
3.616023063659667969e-02 3.160953521728515625e-03
3.633809089660644531e-02 3.172636032104492188e-03
3.624463081359863281e-02 3.159284591674804688e-03
3.521299362182617188e-02 2.988100051879882812e-03
