1.477527618408203125e-02 2.491950988769531250e-03
1.495575904846191406e-02 2.536296844482421875e-03
1.492595672607421875e-02 2.578020095825195312e-03
3.318548202514648438e-02 3.472089767456054688e-03
1.612138748168945312e-02 2.584457397460937500e-03
1.487660408020019531e-02 2.529859542846679688e-03
1.481962203979492188e-02 2.571582794189453125e-03
1.487541198730468750e-02 2.544403076171875000e-03
1.488637924194335938e-02 2.541542053222656250e-03
1.435327529907226562e-02 2.457618713378906250e-03
2.953433990478515625e-02 3.450870513916015625e-03
1.596951484680175781e-02 2.453804016113281250e-03
1.417183876037597656e-02 2.396106719970703125e-03
1.434946060180664062e-02 2.450942993164062500e-03
1.440739631652832031e-02 2.420663833618164062e-03
1.423954963684082031e-02 2.431631088256835938e-03
1.428556442260742188e-02 2.421140670776367188e-03
1.413488388061523438e-02 2.420902252197265625e-03
1.424193382263183594e-02 2.445936203002929688e-03
1.428055763244628906e-02 2.398729324340820312e-03
