1.631999015808105469e-02 2.550125122070312500e-03
1.650977134704589844e-02 2.655267715454101562e-03
1.641511917114257812e-02 2.632141113281250000e-03
1.582932472229003906e-02 2.556562423706054688e-03
1.594161987304687500e-02 2.521753311157226562e-03
2.007269859313964844e-02 2.943992614746093750e-03
1.887059211730957031e-02 2.786397933959960938e-03
1.851797103881835938e-02 2.747058868408203125e-03
1.724433898925781250e-02 2.681732177734375000e-03
1.748180389404296875e-02 2.656459808349609375e-03
1.740312576293945312e-02 2.644300460815429688e-03
1.741600036621093750e-02 2.642631530761718750e-03
1.727247238159179688e-02 2.644300460815429688e-03
1.731085777282714844e-02 2.636671066284179688e-03
1.693558692932128906e-02 2.577066421508789062e-03
1.683306694030761719e-02 2.561569213867187500e-03
1.676607131958007812e-02 2.563953399658203125e-03
