3.321909904479980469e-02 3.035545349121093750e-03
3.324079513549804688e-02 3.005504608154296875e-03
3.316092491149902344e-02 3.026485443115234375e-03
3.253769874572753906e-02 2.897500991821289062e-03
3.309178352355957031e-02 3.010272979736328125e-03
3.200149536132812500e-02 2.845287322998046875e-03
3.241729736328125000e-02 2.899408340454101562e-03
4.985046386718750000e-02 3.095149993896484375e-03
3.247690200805664062e-02 2.841711044311523438e-03
3.217434883117675781e-02 2.874135971069335938e-03
3.234696388244628906e-02 2.870559692382812500e-03
3.227019309997558594e-02 2.907752990722656250e-03
3.223466873168945312e-02 2.855777740478515625e-03
3.215980529785156250e-02 2.888679504394531250e-03
3.290057182312011719e-02 3.052711486816406250e-03
3.223228454589843750e-02 2.911329269409179688e-03
3.210449218750000000e-02 2.956151962280273438e-03
3.217124938964843750e-02 2.850294113159179688e-03
3.230881690979003906e-02 2.885341644287109375e-03
3.226780891418457031e-02 2.870798110961914062e-03
3.226661682128906250e-02 2.933025360107421875e-03
3.223991394042968750e-02 2.941370010375976562e-03
3.229188919067382812e-02 2.878904342651367188e-03
3.221702575683593750e-02 2.854824066162109375e-03
