1.520113945007324219e-01 1.323008537292480469e-02
1.445930004119873047e-01 1.285386085510253906e-02
1.603248119354248047e-01 1.251697540283203125e-02
1.627740859985351562e-01 1.262092590332031250e-02
1.433053016662597656e-01 1.257371902465820312e-02
1.469449996948242188e-01 1.300358772277832031e-02
1.452093124389648438e-01 1.254200935363769531e-02
1.588873863220214844e-01 1.237869262695312500e-02
1.437489986419677734e-01 1.259207725524902344e-02
1.438632011413574219e-01 1.291871070861816406e-02
1.428360939025878906e-01 1.241111755371093750e-02
1.436128616333007812e-01 1.241898536682128906e-02
1.424524784088134766e-01 1.246881484985351562e-02
1.443440914154052734e-01 1.245260238647460938e-02
1.423542499542236328e-01 1.235961914062500000e-02
1.440684795379638672e-01 1.251578330993652344e-02
1.442501544952392578e-01 1.250123977661132812e-02
1.426727771759033203e-01 1.231527328491210938e-02
1.436958312988281250e-01 1.256585121154785156e-02
1.482021808624267578e-01 1.299118995666503906e-02
1.449022293090820312e-01 1.235532760620117188e-02
1.440591812133789062e-01 1.250195503234863281e-02
1.427278518676757812e-01 1.242399215698242188e-02
1.426491737365722656e-01 1.238083839416503906e-02
1.439776420593261719e-01 1.246881484985351562e-02
1.439487934112548828e-01 1.262640953063964844e-02
1.605057716369628906e-01 1.242923736572265625e-02
1.625618934631347656e-01 1.251316070556640625e-02
1.444761753082275391e-01 1.245188713073730469e-02
1.427690982818603516e-01 1.235055923461914062e-02
1.424772739410400391e-01 1.233267784118652344e-02
1.424806118011474609e-01 1.240849494934082031e-02
1.438560485839843750e-01 1.250267028808593750e-02
1.466963291168212891e-01 1.294040679931640625e-02
1.453478336334228516e-01 1.259732246398925781e-02
1.429181098937988281e-01 1.228451728820800781e-02
1.427927017211914062e-01 1.241755485534667969e-02
1.424534320831298828e-01 1.232290267944335938e-02
1.441912651062011719e-01 1.250410079956054688e-02
1.426968574523925781e-01 1.238465309143066406e-02
1.429648399353027344e-01 1.243352890014648438e-02
1.430006027221679688e-01 1.236081123352050781e-02
1.444239616394042969e-01 1.252961158752441406e-02
1.429421901702880859e-01 1.234459877014160156e-02
1.630172729492187500e-01 1.251387596130371094e-02
1.427764892578125000e-01 1.234078407287597656e-02
1.429686546325683594e-01 1.242566108703613281e-02
1.495239734649658203e-01 1.320648193359375000e-02
1.480038166046142578e-01 1.250290870666503906e-02
1.437692642211914062e-01 1.251268386840820312e-02
1.429319381713867188e-01 1.236987113952636719e-02
1.430268287658691406e-01 1.242065429687500000e-02
1.426973342895507812e-01 1.238059997558593750e-02
1.428606510162353516e-01 1.242589950561523438e-02
1.432049274444580078e-01 1.235747337341308594e-02
1.428434848785400391e-01 1.233601570129394531e-02
1.428992748260498047e-01 1.235151290893554688e-02
1.425015926361083984e-01 1.239800453186035156e-02
1.429998874664306641e-01 1.232957839965820312e-02
