1.466171741485595703e-01 1.282691955566406250e-02
1.408097743988037109e-01 1.205515861511230469e-02
1.445276737213134766e-01 1.247835159301757812e-02
1.448345184326171875e-01 1.251125335693359375e-02
1.439783573150634766e-01 1.235651969909667969e-02
1.450693607330322266e-01 1.259565353393554688e-02
1.447594165802001953e-01 1.246452331542968750e-02
1.446039676666259766e-01 1.251435279846191406e-02
1.444451808929443359e-01 1.250648498535156250e-02
1.437234878540039062e-01 1.251411437988281250e-02
1.436734199523925781e-01 1.240968704223632812e-02
1.436734199523925781e-01 1.232552528381347656e-02
1.480953693389892578e-01 1.275777816772460938e-02
1.416692733764648438e-01 1.210594177246093750e-02
1.391339302062988281e-01 1.216888427734375000e-02
1.398222446441650391e-01 1.219272613525390625e-02
1.395018100738525391e-01 1.212406158447265625e-02
1.397619247436523438e-01 1.209020614624023438e-02
