1.683187484741210938e-02 2.608060836791992188e-03
1.696872711181640625e-02 2.614259719848632812e-03
1.696848869323730469e-02 2.609968185424804688e-03
1.705098152160644531e-02 2.618312835693359375e-03
1.708698272705078125e-02 2.654075622558593750e-03
1.649713516235351562e-02 2.526283264160156250e-03
1.703262329101562500e-02 2.608776092529296875e-03
3.778767585754394531e-02 3.434896469116210938e-03
1.771092414855957031e-02 2.615928649902343750e-03
1.678752899169921875e-02 2.657175064086914062e-03
1.725244522094726562e-02 2.728700637817382812e-03
1.719903945922851562e-02 2.659559249877929688e-03
1.717090606689453125e-02 2.644062042236328125e-03
1.724576950073242188e-02 2.639770507812500000e-03
1.713705062866210938e-02 2.657651901245117188e-03
3.230690956115722656e-02 3.211021423339843750e-03
3.270888328552246094e-02 3.292322158813476562e-03
1.771640777587890625e-02 2.611875534057617188e-03
1.709342002868652344e-02 2.564191818237304688e-03
1.704311370849609375e-02 2.606391906738281250e-03
1.736783981323242188e-02 2.661228179931640625e-03
1.645231246948242188e-02 2.511501312255859375e-03
1.647090911865234375e-02 2.466440200805664062e-03
3.816580772399902344e-02 3.447532653808593750e-03
1.784133911132812500e-02 2.644062042236328125e-03
1.707315444946289062e-02 2.649784088134765625e-03
1.725077629089355469e-02 2.683639526367187500e-03
1.734757423400878906e-02 2.651453018188476562e-03
1.710319519042968750e-02 2.643108367919921875e-03
1.653409004211425781e-02 2.511501312255859375e-03
1.722240447998046875e-02 2.570152282714843750e-03
1.665210723876953125e-02 2.471685409545898438e-03
1.651906967163085938e-02 2.497434616088867188e-03
3.184628486633300781e-02 3.202676773071289062e-03
1.756501197814941406e-02 2.453088760375976562e-03
1.719999313354492188e-02 2.641201019287109375e-03
1.664161682128906250e-02 2.464532852172851562e-03
1.709485054016113281e-02 2.621650695800781250e-03
1.653313636779785156e-02 2.514839172363281250e-03
1.709222793579101562e-02 2.636909484863281250e-03
1.644444465637207031e-02 2.477884292602539062e-03
1.650357246398925781e-02 2.524614334106445312e-03
1.637935638427734375e-02 2.523899078369140625e-03
1.644301414489746094e-02 2.501249313354492188e-03
1.632285118103027344e-02 2.464056015014648438e-03
1.643419265747070312e-02 2.532482147216796875e-03
1.647186279296875000e-02 2.542734146118164062e-03
1.627898216247558594e-02 2.444028854370117188e-03
1.649332046508789062e-02 2.452135086059570312e-03
