2.791166305541992188e-02 2.857208251953125000e-03
2.794694900512695312e-02 2.976417541503906250e-03
2.853608131408691406e-02 2.845764160156250000e-03
2.836465835571289062e-02 2.851486206054687500e-03
2.781796455383300781e-02 2.819538116455078125e-03
2.847552299499511719e-02 2.948760986328125000e-03
4.971075057983398438e-02 4.378080368041992188e-03
4.207873344421386719e-02 4.339933395385742188e-03
3.768849372863769531e-02 3.010749816894531250e-03
2.769374847412109375e-02 2.781152725219726562e-03
2.750110626220703125e-02 2.813100814819335938e-03
2.714014053344726562e-02 2.757072448730468750e-03
2.756547927856445312e-02 2.770423889160156250e-03
2.684354782104492188e-02 2.754449844360351562e-03
2.751517295837402344e-02 2.765893936157226562e-03
2.716112136840820312e-02 2.770185470581054688e-03
2.769017219543457031e-02 2.763271331787109375e-03
2.762246131896972656e-02 2.788543701171875000e-03
