3.916931152343750000e-02 3.136396408081054688e-03
3.302621841430664062e-02 3.118991851806640625e-03
3.306007385253906250e-02 3.052473068237304688e-03
3.362560272216796875e-02 3.061056137084960938e-03
3.278493881225585938e-02 2.984046936035156250e-03
3.309822082519531250e-02 3.053188323974609375e-03
3.291606903076171875e-02 3.062248229980468750e-03
3.201103210449218750e-02 2.854347229003906250e-03
3.217601776123046875e-02 2.890586853027343750e-03
3.218960762023925781e-02 2.863883972167968750e-03
3.223752975463867188e-02 2.898216247558593750e-03
3.238081932067871094e-02 2.865076065063476562e-03
3.214693069458007812e-02 2.873897552490234375e-03
3.210067749023437500e-02 2.885103225708007812e-03
3.185725212097167969e-02 2.851009368896484375e-03
3.190398216247558594e-02 2.841472625732421875e-03
