1.858091354370117188e-02 2.715349197387695312e-03
1.864361763000488281e-02 2.681016921997070312e-03
3.653120994567871094e-02 3.381729125976562500e-03
1.887416839599609375e-02 2.722740173339843750e-03
1.866364479064941406e-02 2.774000167846679688e-03
1.862239837646484375e-02 2.732515335083007812e-03
1.880979537963867188e-02 2.663612365722656250e-03
1.862764358520507812e-02 2.704620361328125000e-03
1.823735237121582031e-02 2.622127532958984375e-03
1.790499687194824219e-02 2.561092376708984375e-03
1.806020736694335938e-02 2.706527709960937500e-03
1.814365386962890625e-02 2.567291259765625000e-03
1.810479164123535156e-02 2.573966979980468750e-03
1.790904998779296875e-02 2.586603164672851562e-03
1.790761947631835938e-02 2.575874328613281250e-03
1.784324645996093750e-02 2.577543258666992188e-03
1.785874366760253906e-02 2.587318420410156250e-03
