2.829027175903320312e-02 2.823114395141601562e-03
2.844595909118652344e-02 2.827644348144531250e-03
2.778196334838867188e-02 2.863883972167968750e-03
2.841687202453613281e-02 2.879619598388671875e-03
2.824473381042480469e-02 2.833127975463867188e-03
2.835583686828613281e-02 2.926349639892578125e-03
4.920983314514160156e-02 2.939701080322265625e-03
2.795886993408203125e-02 2.688407897949218750e-03
4.923605918884277344e-02 3.036022186279296875e-03
2.838873863220214844e-02 2.840280532836914062e-03
2.833175659179687500e-02 2.841234207153320312e-03
4.521560668945312500e-02 2.865552902221679688e-03
2.785801887512207031e-02 2.714157104492187500e-03
4.511666297912597656e-02 2.930402755737304688e-03
2.850198745727539062e-02 2.850055694580078125e-03
2.786087989807128906e-02 2.789735794067382812e-03
2.849030494689941406e-02 2.843141555786132812e-03
2.873873710632324219e-02 2.899885177612304688e-03
2.874827384948730469e-02 2.797126770019531250e-03
2.826976776123046875e-02 2.905130386352539062e-03
2.779555320739746094e-02 2.745628356933593750e-03
2.793431282043457031e-02 2.770423889160156250e-03
2.781534194946289062e-02 2.694368362426757812e-03
2.854251861572265625e-02 2.848148345947265625e-03
2.795648574829101562e-02 2.705335617065429688e-03
2.743506431579589844e-02 2.699136734008789062e-03
2.679061889648437500e-02 2.774715423583984375e-03
2.752161026000976562e-02 2.768993377685546875e-03
2.788639068603515625e-02 2.771139144897460938e-03
2.816724777221679688e-02 2.858877182006835938e-03
2.759027481079101562e-02 2.782583236694335938e-03
2.818298339843750000e-02 2.841949462890625000e-03
2.848339080810546875e-02 2.904891967773437500e-03
2.776718139648437500e-02 2.717733383178710938e-03
2.783536911010742188e-02 2.706766128540039062e-03
2.831864356994628906e-02 2.883195877075195312e-03
2.776575088500976562e-02 2.793788909912109375e-03
2.860307693481445312e-02 2.914905548095703125e-03
2.772021293640136719e-02 2.773761749267578125e-03
2.764439582824707031e-02 2.752065658569335938e-03
2.793860435485839844e-02 2.794742584228515625e-03
2.788162231445312500e-02 2.703666687011718750e-03
2.666640281677246094e-02 2.722501754760742188e-03
3.004002571105957031e-02 3.190040588378906250e-03
2.961468696594238281e-02 2.925872802734375000e-03
2.893567085266113281e-02 2.771139144897460938e-03
2.844452857971191406e-02 2.895355224609375000e-03
2.861428260803222656e-02 2.901792526245117188e-03
2.882647514343261719e-02 2.892971038818359375e-03
2.782034873962402344e-02 2.697706222534179688e-03
2.749037742614746094e-02 2.761602401733398438e-03
2.783441543579101562e-02 2.765893936157226562e-03
2.782726287841796875e-02 2.734184265136718750e-03
2.782726287841796875e-02 2.789020538330078125e-03
2.779960632324218750e-02 2.746582031250000000e-03
2.792954444885253906e-02 2.712965011596679688e-03
2.781605720520019531e-02 2.746343612670898438e-03
2.774333953857421875e-02 2.740383148193359375e-03
2.754235267639160156e-02 2.816200256347656250e-03
2.777838706970214844e-02 2.734422683715820312e-03
2.812910079956054688e-02 2.772808074951171875e-03
