1.308619976043701172e-01 1.245427131652832031e-02
1.272597312927246094e-01 1.183462142944335938e-02
1.265499591827392578e-01 1.196765899658203125e-02
1.251046657562255859e-01 1.177191734313964844e-02
1.285214424133300781e-01 1.268696784973144531e-02
1.293909549713134766e-01 1.220369338989257812e-02
1.272089481353759766e-01 1.196360588073730469e-02
1.251242160797119141e-01 1.179695129394531250e-02
1.254901885986328125e-01 1.189017295837402344e-02
1.257438659667968750e-01 1.193594932556152344e-02
1.251015663146972656e-01 1.180005073547363281e-02
1.250164508819580078e-01 1.185226440429687500e-02
1.258528232574462891e-01 1.183271408081054688e-02
1.277124881744384766e-01 1.181221008300781250e-02
1.280038356781005859e-01 1.203060150146484375e-02
1.285884380340576172e-01 1.187777519226074219e-02
