1.107647418975830078e-01 1.174402236938476562e-02
1.082501411437988281e-01 1.123571395874023438e-02
1.066398620605468750e-01 1.116204261779785156e-02
1.113996505737304688e-01 1.174378395080566406e-02
1.084952354431152344e-01 1.123285293579101562e-02
1.072056293487548828e-01 1.113605499267578125e-02
1.042881011962890625e-01 1.107501983642578125e-02
1.060304641723632812e-01 1.116871833801269531e-02
1.047513484954833984e-01 1.106619834899902344e-02
1.051664352416992188e-01 1.114726066589355469e-02
1.055858135223388672e-01 1.112031936645507812e-02
1.052627563476562500e-01 1.099443435668945312e-02
1.046423912048339844e-01 1.105284690856933594e-02
1.048433780670166016e-01 1.112771034240722656e-02
1.052772998809814453e-01 1.103091239929199219e-02
1.060962677001953125e-01 1.109099388122558594e-02
1.222596168518066406e-01 1.103186607360839844e-02
1.049442291259765625e-01 1.111698150634765625e-02
1.072025299072265625e-01 1.120805740356445312e-02
1.044616699218750000e-01 1.101970672607421875e-02
1.046676635742187500e-01 1.109266281127929688e-02
1.040639877319335938e-01 1.096916198730468750e-02
1.101858615875244141e-01 1.156759262084960938e-02
1.088333129882812500e-01 1.119136810302734375e-02
1.056470870971679688e-01 1.104712486267089844e-02
1.049129962921142578e-01 1.109147071838378906e-02
1.049461364746093750e-01 1.113581657409667969e-02
1.048355102539062500e-01 1.094794273376464844e-02
