2.834105491638183594e-02 2.888679504394531250e-03
2.780270576477050781e-02 2.784967422485351562e-03
6.023573875427246094e-02 3.070592880249023438e-03
2.808213233947753906e-02 2.798557281494140625e-03
2.819657325744628906e-02 2.820730209350585938e-03
4.955983161926269531e-02 3.013610839843750000e-03
2.872133255004882812e-02 2.897739410400390625e-03
2.757120132446289062e-02 2.798318862915039062e-03
4.575324058532714844e-02 2.891063690185546875e-03
2.809166908264160156e-02 2.801418304443359375e-03
2.878785133361816406e-02 2.949714660644531250e-03
2.869153022766113281e-02 2.902269363403320312e-03
2.781939506530761719e-02 2.819776535034179688e-03
2.851915359497070312e-02 2.897977828979492188e-03
2.860522270202636719e-02 2.880573272705078125e-03
2.827286720275878906e-02 2.854824066162109375e-03
2.839398384094238281e-02 2.862691879272460938e-03
2.798151969909667969e-02 2.713441848754882812e-03
2.854084968566894531e-02 2.887248992919921875e-03
2.807140350341796875e-02 2.789497375488281250e-03
2.814316749572753906e-02 2.897262573242187500e-03
2.803301811218261719e-02 2.799749374389648438e-03
2.864599227905273438e-02 2.953529357910156250e-03
2.861881256103515625e-02 2.905845642089843750e-03
2.865886688232421875e-02 2.874851226806640625e-03
2.809166908264160156e-02 2.727508544921875000e-03
2.811384201049804688e-02 2.792358398437500000e-03
2.866554260253906250e-02 2.901077270507812500e-03
4.582500457763671875e-02 2.893686294555664062e-03
3.063869476318359375e-02 3.020048141479492188e-03
2.857351303100585938e-02 2.895832061767578125e-03
2.791094779968261719e-02 2.904176712036132812e-03
2.736306190490722656e-02 2.909660339355468750e-03
2.752566337585449219e-02 2.818584442138671875e-03
2.703118324279785156e-02 2.722501754760742188e-03
2.711296081542968750e-02 2.730607986450195312e-03
2.630758285522460938e-02 2.721548080444335938e-03
2.703428268432617188e-02 2.817869186401367188e-03
2.604436874389648438e-02 2.731561660766601562e-03
2.649140357971191406e-02 2.724409103393554688e-03
2.674722671508789062e-02 2.719163894653320312e-03
2.646017074584960938e-02 2.735376358032226562e-03
2.686595916748046875e-02 2.726793289184570312e-03
2.628064155578613281e-02 2.716779708862304688e-03
2.645683288574218750e-02 2.703189849853515625e-03
2.644395828247070312e-02 2.710103988647460938e-03
2.634882926940917969e-02 2.726316452026367188e-03
2.695870399475097656e-02 2.712726593017578125e-03
2.683138847351074219e-02 2.816438674926757812e-03
2.650928497314453125e-02 2.728700637817382812e-03
2.716636657714843750e-02 2.826690673828125000e-03
2.629160881042480469e-02 2.716779708862304688e-03
2.647328376770019531e-02 2.720355987548828125e-03
2.672076225280761719e-02 2.715587615966796875e-03
2.657413482666015625e-02 2.723693847656250000e-03
2.629590034484863281e-02 2.773046493530273438e-03
2.693629264831542969e-02 2.732276916503906250e-03
2.637839317321777344e-02 2.718687057495117188e-03
2.653670310974121094e-02 2.732038497924804688e-03
2.668070793151855469e-02 2.730369567871093750e-03
