3.281974792480468750e-02 2.915859222412109375e-03
3.314375877380371094e-02 3.007173538208007812e-03
3.245091438293457031e-02 2.960205078125000000e-03
3.321647644042968750e-02 2.983570098876953125e-03
3.311109542846679688e-02 3.029584884643554688e-03
3.290081024169921875e-02 2.945899963378906250e-03
3.299927711486816406e-02 2.963542938232421875e-03
3.286862373352050781e-02 3.005981445312500000e-03
3.244256973266601562e-02 2.945899963378906250e-03
3.273653984069824219e-02 2.952337265014648438e-03
4.907870292663574219e-02 3.013610839843750000e-03
3.260874748229980469e-02 2.957105636596679688e-03
3.333663940429687500e-02 2.978086471557617188e-03
3.291130065917968750e-02 3.017902374267578125e-03
4.933190345764160156e-02 2.980232238769531250e-03
3.301620483398437500e-02 3.024339675903320312e-03
3.239512443542480469e-02 2.926349639892578125e-03
3.310084342956542969e-02 2.927064895629882812e-03
3.283977508544921875e-02 2.985239028930664062e-03
3.243970870971679688e-02 2.911090850830078125e-03
3.312397003173828125e-02 2.948284149169921875e-03
3.295397758483886719e-02 2.950906753540039062e-03
3.301000595092773438e-02 2.982378005981445312e-03
3.315997123718261719e-02 3.038167953491210938e-03
3.265523910522460938e-02 2.891302108764648438e-03
3.338217735290527344e-02 2.961874008178710938e-03
3.216767311096191406e-02 2.839326858520507812e-03
3.232288360595703125e-02 2.943038940429687500e-03
3.296637535095214844e-02 3.042697906494140625e-03
3.447723388671875000e-02 3.227949142456054688e-03
3.473496437072753906e-02 3.055810928344726562e-03
3.292012214660644531e-02 3.063440322875976562e-03
3.319764137268066406e-02 3.062486648559570312e-03
3.330850601196289062e-02 3.033161163330078125e-03
3.290104866027832031e-02 2.867937088012695312e-03
3.205060958862304688e-02 2.835750579833984375e-03
3.244948387145996094e-02 2.858161926269531250e-03
3.221607208251953125e-02 2.924680709838867188e-03
