3.266119956970214844e-02 3.005743026733398438e-03
3.273296356201171875e-02 2.998113632202148438e-03
3.261852264404296875e-02 3.041505813598632812e-03
3.297090530395507812e-02 3.002643585205078125e-03
3.286314010620117188e-02 2.963304519653320312e-03
3.221487998962402344e-02 2.967357635498046875e-03
3.288793563842773438e-02 2.927303314208984375e-03
3.293561935424804688e-02 3.015279769897460938e-03
3.268957138061523438e-02 2.945184707641601562e-03
3.263831138610839844e-02 2.960205078125000000e-03
3.222250938415527344e-02 2.896070480346679688e-03
3.277015686035156250e-02 3.018856048583984375e-03
3.281378746032714844e-02 3.005743026733398438e-03
3.266739845275878906e-02 2.983331680297851562e-03
3.209590911865234375e-02 2.927780151367187500e-03
3.305077552795410156e-02 3.033876419067382812e-03
3.276205062866210938e-02 2.931833267211914062e-03
3.181934356689453125e-02 2.878189086914062500e-03
3.222632408142089844e-02 2.913951873779296875e-03
3.303003311157226562e-02 2.933263778686523438e-03
3.267788887023925781e-02 2.972602844238281250e-03
5.600285530090332031e-02 2.962112426757812500e-03
3.283834457397460938e-02 3.018379211425781250e-03
3.220701217651367188e-02 2.817392349243164062e-03
3.209018707275390625e-02 2.846717834472656250e-03
3.176522254943847656e-02 2.823114395141601562e-03
3.205299377441406250e-02 2.836227416992187500e-03
3.257989883422851562e-02 2.977609634399414062e-03
3.204989433288574219e-02 2.899885177612304688e-03
3.203678131103515625e-02 2.867937088012695312e-03
3.293943405151367188e-02 2.930641174316406250e-03
3.203368186950683594e-02 2.864360809326171875e-03
3.163647651672363281e-02 2.854585647583007812e-03
3.283405303955078125e-02 2.929925918579101562e-03
3.217887878417968750e-02 2.828359603881835938e-03
3.222155570983886719e-02 2.841234207153320312e-03
3.222751617431640625e-02 2.886533737182617188e-03
3.196692466735839844e-02 2.827405929565429688e-03
3.210997581481933594e-02 2.888679504394531250e-03
3.191089630126953125e-02 2.873897552490234375e-03
3.268003463745117188e-02 3.016233444213867188e-03
3.206539154052734375e-02 2.885580062866210938e-03
3.207111358642578125e-02 2.882719039916992188e-03
3.540563583374023438e-02 3.366947174072265625e-03
3.390264511108398438e-02 3.018140792846679688e-03
3.285646438598632812e-02 3.040313720703125000e-03
3.347492218017578125e-02 3.103256225585937500e-03
3.342247009277343750e-02 3.104209899902343750e-03
3.243732452392578125e-02 2.884864807128906250e-03
3.273820877075195312e-02 3.058910369873046875e-03
3.297257423400878906e-02 2.963304519653320312e-03
3.241634368896484375e-02 2.817392349243164062e-03
5.599164962768554688e-02 2.995729446411132812e-03
3.271746635437011719e-02 3.000020980834960938e-03
3.221726417541503906e-02 2.846956253051757812e-03
3.203344345092773438e-02 2.902269363403320312e-03
3.226709365844726562e-02 2.816200256347656250e-03
3.244423866271972656e-02 2.842187881469726562e-03
3.199791908264160156e-02 2.882957458496093750e-03
3.170943260192871094e-02 2.874612808227539062e-03
3.153204917907714844e-02 2.834081649780273438e-03
3.218293190002441406e-02 2.879619598388671875e-03
3.180503845214843750e-02 2.882480621337890625e-03
3.215336799621582031e-02 2.850770950317382812e-03
3.202939033508300781e-02 2.833604812622070312e-03
3.192782402038574219e-02 2.856969833374023438e-03
