2.374863624572753906e-02 2.750158309936523438e-03
2.402901649475097656e-02 2.847671508789062500e-03
2.333045005798339844e-02 2.700328826904296875e-03
5.195808410644531250e-02 3.123998641967773438e-03
2.343964576721191406e-02 2.643823623657226562e-03
2.313351631164550781e-02 2.639770507812500000e-03
2.315521240234375000e-02 2.568721771240234375e-03
2.313160896301269531e-02 2.578735351562500000e-03
2.300071716308593750e-02 2.642393112182617188e-03
2.313852310180664062e-02 2.685308456420898438e-03
2.295780181884765625e-02 2.597093582153320312e-03
2.323317527770996094e-02 2.728223800659179688e-03
2.278304100036621094e-02 2.603292465209960938e-03
