2.782607078552246094e-02 2.799510955810546875e-03
2.826380729675292969e-02 2.855062484741210938e-03
2.818703651428222656e-02 2.871513366699218750e-03
2.837467193603515625e-02 2.865076065063476562e-03
2.828884124755859375e-02 2.858161926269531250e-03
4.488325119018554688e-02 2.887725830078125000e-03
2.815151214599609375e-02 2.850055694580078125e-03
2.765631675720214844e-02 2.775430679321289062e-03
2.847170829772949219e-02 2.872705459594726562e-03
2.847170829772949219e-02 2.912759780883789062e-03
2.777695655822753906e-02 2.770900726318359375e-03
2.755284309387207031e-02 2.758264541625976562e-03
2.818083763122558594e-02 2.857208251953125000e-03
2.784347534179687500e-02 2.770900726318359375e-03
2.699184417724609375e-02 2.758741378784179688e-03
2.770304679870605469e-02 2.750396728515625000e-03
2.827358245849609375e-02 2.851963043212890625e-03
2.761888504028320312e-02 2.769708633422851562e-03
2.747988700866699219e-02 2.779006958007812500e-03
4.491925239562988281e-02 2.891540527343750000e-03
2.748417854309082031e-02 2.767562866210937500e-03
2.821993827819824219e-02 2.883672714233398438e-03
2.773976325988769531e-02 2.833366394042968750e-03
2.838349342346191406e-02 2.886772155761718750e-03
2.781844139099121094e-02 2.762556076049804688e-03
2.837109565734863281e-02 2.864360809326171875e-03
2.773547172546386719e-02 2.779483795166015625e-03
4.490995407104492188e-02 2.876758575439453125e-03
2.793288230895996094e-02 2.831220626831054688e-03
2.761864662170410156e-02 2.802133560180664062e-03
2.757191658020019531e-02 2.787113189697265625e-03
2.749061584472656250e-02 2.786159515380859375e-03
2.834534645080566406e-02 2.846956253051757812e-03
2.841901779174804688e-02 2.876043319702148438e-03
2.844977378845214844e-02 2.865552902221679688e-03
2.843236923217773438e-02 2.930641174316406250e-03
2.798318862915039062e-02 2.764940261840820312e-03
2.759742736816406250e-02 2.764463424682617188e-03
2.709603309631347656e-02 2.755880355834960938e-03
2.756547927856445312e-02 2.772331237792968750e-03
2.803540229797363281e-02 2.840995788574218750e-03
5.141067504882812500e-02 3.006219863891601562e-03
2.706193923950195312e-02 2.782821655273437500e-03
2.786254882812500000e-02 2.768516540527343750e-03
2.772617340087890625e-02 2.758502960205078125e-03
2.778935432434082031e-02 2.768039703369140625e-03
2.768015861511230469e-02 2.769947052001953125e-03
2.731943130493164062e-02 2.768993377685546875e-03
2.765393257141113281e-02 2.762317657470703125e-03
2.750897407531738281e-02 2.768039703369140625e-03
2.698945999145507812e-02 2.759456634521484375e-03
