9.307885169982910156e-02 1.142191886901855469e-02
9.286093711853027344e-02 1.075196266174316406e-02
9.261012077331542969e-02 1.093745231628417969e-02
9.186434745788574219e-02 1.085615158081054688e-02
9.085988998413085938e-02 1.080083847045898438e-02
9.224247932434082031e-02 1.098418235778808594e-02
9.094500541687011719e-02 1.084303855895996094e-02
9.192156791687011719e-02 1.092910766601562500e-02
9.227466583251953125e-02 1.093244552612304688e-02
9.032082557678222656e-02 1.055288314819335938e-02
9.063911437988281250e-02 1.063489913940429688e-02
9.053039550781250000e-02 1.070952415466308594e-02
9.048223495483398438e-02 1.044273376464843750e-02
9.070324897766113281e-02 1.060056686401367188e-02
9.044599533081054688e-02 1.069617271423339844e-02
9.061360359191894531e-02 1.072454452514648438e-02
9.134364128112792969e-02 1.224565505981445312e-02
9.438729286193847656e-02 1.128077507019042969e-02
