2.358078956604003906e-02 2.771139144897460938e-03
2.359938621520996094e-02 2.795219421386718750e-03
2.371191978454589844e-02 2.793788909912109375e-03
2.376961708068847656e-02 2.813339233398437500e-03
2.325296401977539062e-02 2.621889114379882812e-03
2.311015129089355469e-02 2.757072448730468750e-03
2.303743362426757812e-02 2.699851989746093750e-03
2.301597595214843750e-02 2.573966979980468750e-03
2.308106422424316406e-02 2.586841583251953125e-03
2.315926551818847656e-02 2.595424652099609375e-03
2.333331108093261719e-02 2.603769302368164062e-03
2.329516410827636719e-02 2.574205398559570312e-03
2.325105667114257812e-02 2.613544464111328125e-03
2.301335334777832031e-02 2.575159072875976562e-03
2.299785614013671875e-02 2.582073211669921875e-03
2.310895919799804688e-02 2.589941024780273438e-03
