9.042906761169433594e-02 1.124286651611328125e-02
8.999562263488769531e-02 1.116394996643066406e-02
8.867001533508300781e-02 1.060104370117187500e-02
8.989524841308593750e-02 1.085615158081054688e-02
8.903598785400390625e-02 1.072239875793457031e-02
8.933115005493164062e-02 1.057481765747070312e-02
8.975076675415039062e-02 1.072049140930175781e-02
8.866858482360839844e-02 1.052093505859375000e-02
8.872556686401367188e-02 1.054692268371582031e-02
8.836722373962402344e-02 1.053452491760253906e-02
8.945131301879882812e-02 1.054906845092773438e-02
8.943104743957519531e-02 1.065015792846679688e-02
8.935761451721191406e-02 1.054859161376953125e-02
8.886027336120605469e-02 1.052618026733398438e-02
8.948087692260742188e-02 1.052451133728027344e-02
8.938336372375488281e-02 1.050448417663574219e-02
