1.865029335021972656e-02 2.691984176635742188e-03
1.861095428466796875e-02 2.693891525268554688e-03
1.860237121582031250e-02 2.696275711059570312e-03
1.809358596801757812e-02 2.661705017089843750e-03
1.859903335571289062e-02 2.717494964599609375e-03
1.877760887145996094e-02 2.674579620361328125e-03
1.990723609924316406e-02 2.758026123046875000e-03
1.926994323730468750e-02 2.645015716552734375e-03
1.963353157043457031e-02 2.738475799560546875e-03
1.917290687561035156e-02 2.640247344970703125e-03
1.971840858459472656e-02 2.753973007202148438e-03
1.928544044494628906e-02 2.641677856445312500e-03
1.925730705261230469e-02 2.634525299072265625e-03
1.901412010192871094e-02 2.634048461914062500e-03
1.948738098144531250e-02 2.758026123046875000e-03
1.969194412231445312e-02 2.883434295654296875e-03
2.065944671630859375e-02 3.012180328369140625e-03
1.898026466369628906e-02 2.740383148193359375e-03
1.901412010192871094e-02 2.718925476074218750e-03
1.842451095581054688e-02 2.721309661865234375e-03
1.865196228027343750e-02 2.724647521972656250e-03
1.855278015136718750e-02 2.722740173339843750e-03
1.855015754699707031e-02 2.712726593017578125e-03
1.852583885192871094e-02 2.700328826904296875e-03
