1.410746574401855469e-02 2.514362335205078125e-03
1.358723640441894531e-02 2.456188201904296875e-03
1.402544975280761719e-02 2.481222152709960938e-03
1.456904411315917969e-02 2.523899078369140625e-03
1.371741294860839844e-02 2.459287643432617188e-03
1.389575004577636719e-02 2.453565597534179688e-03
1.432728767395019531e-02 2.568960189819335938e-03
1.400256156921386719e-02 2.471446990966796875e-03
1.450443267822265625e-02 2.562046051025390625e-03
1.453804969787597656e-02 2.623796463012695312e-03
1.459765434265136719e-02 2.568483352661132812e-03
1.459288597106933594e-02 2.585172653198242188e-03
1.512479782104492188e-02 2.705812454223632812e-03
1.388978958129882812e-02 2.419710159301757812e-03
2.895307540893554688e-02 3.406047821044921875e-03
1.555752754211425781e-02 2.518892288208007812e-03
1.400470733642578125e-02 2.431392669677734375e-03
1.453709602355957031e-02 2.525806427001953125e-03
1.459121704101562500e-02 2.518415451049804688e-03
1.453614234924316406e-02 2.568960189819335938e-03
1.399064064025878906e-02 2.468824386596679688e-03
1.455688476562500000e-02 2.567052841186523438e-03
1.455664634704589844e-02 2.562522888183593750e-03
1.462006568908691406e-02 2.567529678344726562e-03
1.454234123229980469e-02 2.558708190917968750e-03
4.365539550781250000e-02 4.203081130981445312e-03
1.733708381652832031e-02 2.654790878295898438e-03
1.451086997985839844e-02 2.568960189819335938e-03
1.456761360168457031e-02 2.483606338500976562e-03
1.527237892150878906e-02 2.629041671752929688e-03
1.463270187377929688e-02 2.524375915527343750e-03
1.523494720458984375e-02 2.638339996337890625e-03
1.456069946289062500e-02 2.475738525390625000e-03
1.439857482910156250e-02 2.484798431396484375e-03
1.423907279968261719e-02 2.493381500244140625e-03
1.616787910461425781e-02 2.972126007080078125e-03
1.524233818054199219e-02 2.883195877075195312e-03
1.502895355224609375e-02 2.666711807250976562e-03
1.479411125183105469e-02 2.624273300170898438e-03
1.474595069885253906e-02 2.565622329711914062e-03
1.484370231628417969e-02 2.564191818237304688e-03
1.464223861694335938e-02 2.573013305664062500e-03
1.481461524963378906e-02 2.559900283813476562e-03
1.479220390319824219e-02 2.517700195312500000e-03
1.449632644653320312e-02 2.514839172363281250e-03
