4.694199562072753906e-02 9.913921356201171875e-03
4.758763313293457031e-02 9.887456893920898438e-03
4.974675178527832031e-02 9.930849075317382812e-03
4.678511619567871094e-02 9.347915649414062500e-03
4.728126525878906250e-02 9.482145309448242188e-03
4.716324806213378906e-02 9.412050247192382812e-03
4.643440246582031250e-02 9.674310684204101562e-03
4.675865173339843750e-02 9.517192840576171875e-03
4.734730720520019531e-02 9.496212005615234375e-03
4.590892791748046875e-02 9.343624114990234375e-03
4.581856727600097656e-02 9.394884109497070312e-03
4.634070396423339844e-02 9.405374526977539062e-03
4.703116416931152344e-02 9.610414505004882812e-03
6.349539756774902344e-02 9.469747543334960938e-03
4.718089103698730469e-02 9.453058242797851562e-03
4.693460464477539062e-02 9.450435638427734375e-03
4.722785949707031250e-02 9.429931640625000000e-03
4.573369026184082031e-02 9.368181228637695312e-03
4.725313186645507812e-02 9.409189224243164062e-03
4.640126228332519531e-02 9.268283843994140625e-03
4.717516899108886719e-02 9.424686431884765625e-03
4.778861999511718750e-02 9.517431259155273438e-03
4.675292968750000000e-02 9.498119354248046875e-03
4.615092277526855469e-02 9.296894073486328125e-03
4.686498641967773438e-02 9.468555450439453125e-03
4.613256454467773438e-02 9.429931640625000000e-03
4.700756072998046875e-02 9.422779083251953125e-03
4.573822021484375000e-02 9.378910064697265625e-03
4.595518112182617188e-02 9.262323379516601562e-03
4.686331748962402344e-02 1.062583923339843750e-02
4.991364479064941406e-02 1.007223129272460938e-02
4.744076728820800781e-02 9.831666946411132812e-03
4.660725593566894531e-02 9.763240814208984375e-03
4.554009437561035156e-02 9.367942810058593750e-03
4.533243179321289062e-02 9.295463562011718750e-03
4.680752754211425781e-02 9.427070617675781250e-03
4.572844505310058594e-02 9.482145309448242188e-03
4.490852355957031250e-02 9.292364120483398438e-03
6.357359886169433594e-02 9.292125701904296875e-03
4.522514343261718750e-02 9.265422821044921875e-03
4.584193229675292969e-02 9.322881698608398438e-03
4.537606239318847656e-02 9.373426437377929688e-03
4.756236076354980469e-02 9.548187255859375000e-03
4.595208168029785156e-02 9.279727935791015625e-03
4.509115219116210938e-02 9.316444396972656250e-03
4.646515846252441406e-02 9.453058242797851562e-03
4.657888412475585938e-02 9.525775909423828125e-03
4.603552818298339844e-02 9.330987930297851562e-03
6.437993049621582031e-02 9.402513504028320312e-03
4.504799842834472656e-02 9.330272674560546875e-03
4.565215110778808594e-02 9.447574615478515625e-03
4.554486274719238281e-02 9.486436843872070312e-03
4.523587226867675781e-02 9.366035461425781250e-03
4.623007774353027344e-02 9.308338165283203125e-03
4.606890678405761719e-02 9.362459182739257812e-03
4.518866539001464844e-02 9.333372116088867188e-03
4.476261138916015625e-02 9.276866912841796875e-03
4.585933685302734375e-02 9.290456771850585938e-03
4.573011398315429688e-02 9.359598159790039062e-03
4.594540596008300781e-02 9.366512298583984375e-03
4.612374305725097656e-02 9.294033050537109375e-03
4.576158523559570312e-02 9.315252304077148438e-03
