2.820968627929687500e-02 2.851486206054687500e-03
5.193233489990234375e-02 2.945899963378906250e-03
4.902005195617675781e-02 2.905845642089843750e-03
2.803897857666015625e-02 2.867221832275390625e-03
2.809596061706542969e-02 2.904891967773437500e-03
2.760100364685058594e-02 2.786159515380859375e-03
2.771115303039550781e-02 2.767562866210937500e-03
2.813076972961425781e-02 2.899169921875000000e-03
2.758288383483886719e-02 2.814292907714843750e-03
2.743697166442871094e-02 2.759456634521484375e-03
2.772378921508789062e-02 2.764463424682617188e-03
2.776098251342773438e-02 2.757072448730468750e-03
2.790260314941406250e-02 2.871513366699218750e-03
2.700281143188476562e-02 2.767562866210937500e-03
2.909183502197265625e-02 3.010511398315429688e-03
2.933645248413085938e-02 3.133535385131835938e-03
2.827501296997070312e-02 2.822160720825195312e-03
2.842283248901367188e-02 2.871513366699218750e-03
2.854537963867187500e-02 2.876996994018554688e-03
2.847504615783691406e-02 2.885103225708007812e-03
2.723646163940429688e-02 2.770185470581054688e-03
2.710533142089843750e-02 2.760410308837890625e-03
