9.152078628540039062e-02 1.122069358825683594e-02
8.992218971252441406e-02 1.100564002990722656e-02
9.061765670776367188e-02 1.068854331970214844e-02
9.126162528991699219e-02 1.167392730712890625e-02
9.381771087646484375e-02 1.109671592712402344e-02
9.181046485900878906e-02 1.074051856994628906e-02
8.953475952148437500e-02 1.062822341918945312e-02
9.048461914062500000e-02 1.053071022033691406e-02
8.944940567016601562e-02 1.049804687500000000e-02
8.892893791198730469e-02 1.061487197875976562e-02
8.976268768310546875e-02 1.058101654052734375e-02
8.946871757507324219e-02 1.047706604003906250e-02
8.989167213439941406e-02 1.065135002136230469e-02
8.842301368713378906e-02 1.058864593505859375e-02
8.825826644897460938e-02 1.068091392517089844e-02
8.934879302978515625e-02 1.057815551757812500e-02
