5.651426315307617188e-02 1.022171974182128906e-02
6.113553047180175781e-02 1.361823081970214844e-02
5.911135673522949219e-02 9.621620178222656250e-03
5.689406394958496094e-02 1.015520095825195312e-02
5.531907081604003906e-02 9.631872177124023438e-03
5.596756935119628906e-02 9.769439697265625000e-03
5.579781532287597656e-02 9.733438491821289062e-03
5.443143844604492188e-02 9.534358978271484375e-03
5.485749244689941406e-02 9.604930877685546875e-03
5.506491661071777344e-02 9.608030319213867188e-03
5.529522895812988281e-02 9.572505950927734375e-03
5.471324920654296875e-02 9.522676467895507812e-03
5.896091461181640625e-02 1.014757156372070312e-02
5.712080001831054688e-02 1.001358032226562500e-02
5.712938308715820312e-02 9.649276733398437500e-03
5.551362037658691406e-02 9.656667709350585938e-03
