1.339159011840820312e-01 1.278185844421386719e-02
1.283729076385498047e-01 1.201009750366210938e-02
1.241888999938964844e-01 1.174902915954589844e-02
1.229422092437744141e-01 1.170253753662109375e-02
1.230881214141845703e-01 1.168203353881835938e-02
1.228196620941162109e-01 1.168465614318847656e-02
1.233150959014892578e-01 1.156830787658691406e-02
1.228954792022705078e-01 1.164317131042480469e-02
1.244587898254394531e-01 1.186156272888183594e-02
1.236035823822021484e-01 1.167750358581542969e-02
1.227886676788330078e-01 1.155829429626464844e-02
1.231737136840820312e-01 1.172089576721191406e-02
1.232149600982666016e-01 1.162624359130859375e-02
1.269652843475341797e-01 1.217579841613769531e-02
1.243705749511718750e-01 1.173686981201171875e-02
1.212956905364990234e-01 1.161408424377441406e-02
1.212775707244873047e-01 1.153492927551269531e-02
1.216268539428710938e-01 1.173162460327148438e-02
