6.191897392272949219e-02 1.375174522399902344e-02
6.119370460510253906e-02 1.064014434814453125e-02
5.628132820129394531e-02 9.538650512695312500e-03
5.700254440307617188e-02 9.726047515869140625e-03
5.608105659484863281e-02 9.803771972656250000e-03
5.555129051208496094e-02 1.002264022827148438e-02
5.582666397094726562e-02 5.149936676025390625e-02
5.590033531188964844e-02 9.675264358520507812e-03
5.566573143005371094e-02 9.740352630615234375e-03
5.561447143554687500e-02 9.682655334472656250e-03
5.499768257141113281e-02 9.643793106079101562e-03
5.607295036315917969e-02 9.666204452514648438e-03
5.643486976623535156e-02 9.760379791259765625e-03
5.619573593139648438e-02 9.625673294067382812e-03
5.599188804626464844e-02 9.859323501586914062e-03
5.647373199462890625e-02 9.690523147583007812e-03
5.590486526489257812e-02 9.742975234985351562e-03
5.608701705932617188e-02 9.687662124633789062e-03
5.626916885375976562e-02 9.699583053588867188e-03
5.491900444030761719e-02 9.581804275512695312e-03
5.486416816711425781e-02 9.572267532348632812e-03
7.427144050598144531e-02 9.631633758544921875e-03
5.620694160461425781e-02 9.664297103881835938e-03
5.452537536621093750e-02 9.520053863525390625e-03
5.435681343078613281e-02 9.583234786987304688e-03
5.464363098144531250e-02 9.508132934570312500e-03
5.449748039245605469e-02 9.542942047119140625e-03
5.597901344299316406e-02 1.036190986633300781e-02
5.984663963317871094e-02 1.010584831237792969e-02
5.735993385314941406e-02 1.003074645996093750e-02
5.583286285400390625e-02 9.743213653564453125e-03
5.538535118103027344e-02 9.658336639404296875e-03
5.484271049499511719e-02 9.516000747680664062e-03
5.460476875305175781e-02 9.632349014282226562e-03
5.457019805908203125e-02 9.566545486450195312e-03
5.430269241333007812e-02 9.537696838378906250e-03
5.605554580688476562e-02 9.622335433959960938e-03
5.462741851806640625e-02 9.526014328002929688e-03
5.482244491577148438e-02 9.581804275512695312e-03
5.412912368774414062e-02 9.583711624145507812e-03
5.417370796203613281e-02 9.559154510498046875e-03
5.499196052551269531e-02 9.570598602294921875e-03
5.362963676452636719e-02 9.561061859130859375e-03
5.500650405883789062e-02 9.668827056884765625e-03
5.503249168395996094e-02 9.626865386962890625e-03
5.591821670532226562e-02 9.713888168334960938e-03
5.518150329589843750e-02 9.504079818725585938e-03
5.518245697021484375e-02 9.729385375976562500e-03
5.485510826110839844e-02 9.604692459106445312e-03
5.462884902954101562e-02 9.519815444946289062e-03
5.436658859252929688e-02 9.504079818725585938e-03
5.502915382385253906e-02 9.634733200073242188e-03
5.460429191589355469e-02 9.643554687500000000e-03
5.485057830810546875e-02 9.644031524658203125e-03
5.434393882751464844e-02 9.645223617553710938e-03
