5.569338798522949219e-02 5.269670486450195312e-02
5.408000946044921875e-02 1.011347770690917969e-02
5.471038818359375000e-02 9.625196456909179688e-03
5.553674697875976562e-02 9.707450866699218750e-03
5.476021766662597656e-02 9.672641754150390625e-03
5.485486984252929688e-02 9.626388549804687500e-03
5.458903312683105469e-02 9.737730026245117188e-03
5.234646797180175781e-02 9.662389755249023438e-03
5.227804183959960938e-02 9.796142578125000000e-03
5.226206779479980469e-02 9.612560272216796875e-03
5.242252349853515625e-02 9.619474411010742188e-03
5.134224891662597656e-02 9.553909301757812500e-03
5.197262763977050781e-02 9.610414505004882812e-03
6.849193572998046875e-02 9.687423706054687500e-03
5.247473716735839844e-02 9.692430496215820312e-03
5.244541168212890625e-02 9.627580642700195312e-03
5.232882499694824219e-02 9.649991989135742188e-03
5.195307731628417969e-02 9.649753570556640625e-03
6.869697570800781250e-02 9.623765945434570312e-03
5.200624465942382812e-02 9.929180145263671875e-03
5.208778381347656250e-02 9.684562683105468750e-03
5.472469329833984375e-02 1.047205924987792969e-02
5.356144905090332031e-02 1.004719734191894531e-02
5.257821083068847656e-02 9.885072708129882812e-03
5.250239372253417969e-02 9.789228439331054688e-03
5.128026008605957031e-02 9.569883346557617188e-03
5.238151550292968750e-02 9.764432907104492188e-03
5.330753326416015625e-02 9.662389755249023438e-03
5.457019805908203125e-02 9.686946868896484375e-03
5.500626564025878906e-02 9.737491607666015625e-03
5.293607711791992188e-02 9.491682052612304688e-03
5.309033393859863281e-02 9.523391723632812500e-03
5.387187004089355469e-02 9.629964828491210938e-03
5.297708511352539062e-02 9.648084640502929688e-03
5.236005783081054688e-02 9.468078613281250000e-03
5.225467681884765625e-02 9.593725204467773438e-03
5.362367630004882812e-02 9.611368179321289062e-03
5.466270446777343750e-02 9.642601013183593750e-03
5.370545387268066406e-02 9.696006774902343750e-03
5.277180671691894531e-02 9.668111801147460938e-03
7.131361961364746094e-02 9.506940841674804688e-03
5.487942695617675781e-02 9.680271148681640625e-03
5.387544631958007812e-02 9.583950042724609375e-03
5.376458168029785156e-02 9.653568267822265625e-03
5.374240875244140625e-02 9.577989578247070312e-03
5.271792411804199219e-02 9.553670883178710938e-03
5.290460586547851562e-02 9.608268737792968750e-03
5.334043502807617188e-02 9.594202041625976562e-03
5.250549316406250000e-02 9.557962417602539062e-03
5.179381370544433594e-02 9.544849395751953125e-03
5.176424980163574219e-02 9.743213653564453125e-03
5.316805839538574219e-02 9.536266326904296875e-03
5.305457115173339844e-02 9.531736373901367188e-03
5.319046974182128906e-02 9.629249572753906250e-03
5.290508270263671875e-02 9.566783905029296875e-03
