2.822780609130859375e-02 2.842426300048828125e-03
2.856636047363281250e-02 2.900123596191406250e-03
2.816414833068847656e-02 2.819538116455078125e-03
2.861738204956054688e-02 2.869844436645507812e-03
2.804470062255859375e-02 2.763748168945312500e-03
2.802181243896484375e-02 2.852678298950195312e-03
2.757596969604492188e-02 2.767086029052734375e-03
2.796363830566406250e-02 2.774000167846679688e-03
2.802538871765136719e-02 2.735614776611328125e-03
2.802920341491699219e-02 2.716779708862304688e-03
2.780699729919433594e-02 2.774000167846679688e-03
2.782726287841796875e-02 2.697706222534179688e-03
2.775049209594726562e-02 2.780914306640625000e-03
