1.594972610473632812e-02 2.605915069580078125e-03
1.560139656066894531e-02 2.516984939575195312e-03
1.615476608276367188e-02 2.599477767944335938e-03
1.613402366638183594e-02 2.639293670654296875e-03
1.614451408386230469e-02 2.646446228027343750e-03
1.561546325683593750e-02 2.503871917724609375e-03
1.549339294433593750e-02 2.534389495849609375e-03
1.554679870605468750e-02 2.512216567993164062e-03
1.547002792358398438e-02 2.513885498046875000e-03
1.551938056945800781e-02 2.521991729736328125e-03
1.548886299133300781e-02 2.512693405151367188e-03
1.613259315490722656e-02 2.653598785400390625e-03
1.557540893554687500e-02 2.510070800781250000e-03
1.555943489074707031e-02 2.563238143920898438e-03
1.601839065551757812e-02 2.609014511108398438e-03
1.553964614868164062e-02 2.526760101318359375e-03
1.599884033203125000e-02 2.606630325317382812e-03
1.551747322082519531e-02 2.531528472900390625e-03
1.602935791015625000e-02 2.595424652099609375e-03
1.550555229187011719e-02 2.511739730834960938e-03
1.542687416076660156e-02 2.506732940673828125e-03
1.539969444274902344e-02 2.525329589843750000e-03
1.608014106750488281e-02 2.601623535156250000e-03
1.562261581420898438e-02 2.579689025878906250e-03
1.568055152893066406e-02 2.510547637939453125e-03
1.563072204589843750e-02 2.540349960327148438e-03
1.542592048645019531e-02 2.507209777832031250e-03
1.542806625366210938e-02 2.504348754882812500e-03
1.544761657714843750e-02 2.529382705688476562e-03
1.541924476623535156e-02 2.518177032470703125e-03
1.540923118591308594e-02 2.527475357055664062e-03
1.541948318481445312e-02 2.525329589843750000e-03
