9.995889663696289062e-02 1.508593559265136719e-02
9.688258171081542969e-02 1.101303100585937500e-02
9.120631217956542969e-02 1.054453849792480469e-02
9.123182296752929688e-02 1.069998741149902344e-02
9.136033058166503906e-02 1.081848144531250000e-02
9.111094474792480469e-02 1.082158088684082031e-02
9.151291847229003906e-02 1.068520545959472656e-02
9.172487258911132812e-02 1.086950302124023438e-02
8.992338180541992188e-02 1.053285598754882812e-02
9.070086479187011719e-02 1.061844825744628906e-02
9.116578102111816406e-02 1.075649261474609375e-02
8.960413932800292969e-02 1.057553291320800781e-02
8.996272087097167969e-02 1.051306724548339844e-02
8.939719200134277344e-02 1.070737838745117188e-02
9.130644798278808594e-02 1.076388359069824219e-02
9.060525894165039062e-02 1.061177253723144531e-02
9.091806411743164062e-02 1.099061965942382812e-02
9.489893913269042969e-02 1.130175590515136719e-02
9.432816505432128906e-02 1.076197624206542969e-02
9.141182899475097656e-02 1.060581207275390625e-02
9.144902229309082031e-02 1.051974296569824219e-02
9.138798713684082031e-02 1.060390472412109375e-02
9.139442443847656250e-02 1.057648658752441406e-02
9.155273437500000000e-02 1.035118103027343750e-02
9.201240539550781250e-02 1.083612442016601562e-02
