1.394107341766357422e-01 1.257634162902832031e-02
1.322124004364013672e-01 1.181292533874511719e-02
1.290628910064697266e-01 1.230621337890625000e-02
1.311316490173339844e-01 1.244187355041503906e-02
1.287744045257568359e-01 1.206779479980468750e-02
1.269102096557617188e-01 1.187086105346679688e-02
1.262118816375732422e-01 1.199746131896972656e-02
1.271846294403076172e-01 1.195335388183593750e-02
1.270828247070312500e-01 1.188659667968750000e-02
1.251919269561767578e-01 1.176261901855468750e-02
1.248776912689208984e-01 1.177692413330078125e-02
1.256268024444580078e-01 1.172256469726562500e-02
1.256179809570312500e-01 1.187634468078613281e-02
1.253783702850341797e-01 1.189398765563964844e-02
1.269268989562988281e-01 1.189994812011718750e-02
1.268680095672607422e-01 1.189064979553222656e-02
1.270122528076171875e-01 1.202225685119628906e-02
1.264009475708007812e-01 1.187276840209960938e-02
1.253802776336669922e-01 1.175475120544433594e-02
1.306531429290771484e-01 1.243734359741210938e-02
1.313476562500000000e-01 1.185083389282226562e-02
1.283862590789794922e-01 1.175785064697265625e-02
1.294274330139160156e-01 1.200342178344726562e-02
1.295821666717529297e-01 1.183795928955078125e-02
1.282932758331298828e-01 1.174926757812500000e-02
1.280462741851806641e-01 1.174426078796386719e-02
1.294870376586914062e-01 1.189398765563964844e-02
1.293051242828369141e-01 1.191735267639160156e-02
1.280441284179687500e-01 1.185417175292968750e-02
1.284434795379638672e-01 1.179623603820800781e-02
1.284434795379638672e-01 1.176738739013671875e-02
1.281266212463378906e-01 1.174402236938476562e-02
1.291267871856689453e-01 1.189017295837402344e-02
1.283752918243408203e-01 1.179385185241699219e-02
1.279382705688476562e-01 1.172804832458496094e-02
1.314961910247802734e-01 1.237535476684570312e-02
1.283161640167236328e-01 1.194763183593750000e-02
1.251590251922607422e-01 1.171159744262695312e-02
1.250445842742919922e-01 1.171565055847167969e-02
1.257357597351074219e-01 1.177811622619628906e-02
1.253786087036132812e-01 1.174306869506835938e-02
1.253004074096679688e-01 1.177167892456054688e-02
