7.389354705810546875e-02 1.070666313171386719e-02
7.424855232238769531e-02 1.023054122924804688e-02
1.390712261199951172e-01 1.021194458007812500e-02
7.063889503479003906e-02 1.004624366760253906e-02
7.046341896057128906e-02 1.002573966979980469e-02
9.079694747924804688e-02 1.029276847839355469e-02
7.234525680541992188e-02 1.046442985534667969e-02
7.091760635375976562e-02 1.009535789489746094e-02
7.063865661621093750e-02 1.010036468505859375e-02
7.637429237365722656e-02 1.058435440063476562e-02
7.312345504760742188e-02 1.052474975585937500e-02
7.111549377441406250e-02 1.029109954833984375e-02
7.090067863464355469e-02 1.008319854736328125e-02
7.064890861511230469e-02 1.019334793090820312e-02
8.887815475463867188e-02 1.029157638549804688e-02
7.063341140747070312e-02 1.019883155822753906e-02
7.065725326538085938e-02 1.009011268615722656e-02
7.191157341003417969e-02 1.038455963134765625e-02
7.085180282592773438e-02 1.005625724792480469e-02
7.067966461181640625e-02 1.007437705993652344e-02
7.075715065002441406e-02 1.019501686096191406e-02
7.050347328186035156e-02 1.005935668945312500e-02
7.052278518676757812e-02 1.009654998779296875e-02
7.058262825012207031e-02 1.006102561950683594e-02
7.213473320007324219e-02 1.015591621398925781e-02
7.064628601074218750e-02 1.012682914733886719e-02
7.071828842163085938e-02 1.017785072326660156e-02
7.095336914062500000e-02 1.015329360961914062e-02
7.060980796813964844e-02 9.984970092773437500e-03
7.058978080749511719e-02 1.004886627197265625e-02
7.087588310241699219e-02 1.014471054077148438e-02
7.073044776916503906e-02 1.006150245666503906e-02
7.055830955505371094e-02 1.011729240417480469e-02
7.059407234191894531e-02 1.001644134521484375e-02
