1.237058639526367188e-02 2.498865127563476562e-03
1.259303092956542969e-02 2.465248107910156250e-03
1.265025138854980469e-02 2.500057220458984375e-03
1.198863983154296875e-02 2.434492111206054688e-03
1.280117034912109375e-02 2.556800842285156250e-03
1.249098777770996094e-02 2.542495727539062500e-03
1.261043548583984375e-02 2.595663070678710938e-03
1.213455200195312500e-02 2.453804016113281250e-03
1.273155212402343750e-02 2.546787261962890625e-03
1.280021667480468750e-02 2.532720565795898438e-03
1.273417472839355469e-02 2.526521682739257812e-03
3.006911277770996094e-02 3.658294677734375000e-03
1.424503326416015625e-02 2.613544464111328125e-03
1.194190979003906250e-02 2.331733703613281250e-03
3.168463706970214844e-02 3.767013549804687500e-03
1.456165313720703125e-02 2.589702606201171875e-03
1.263594627380371094e-02 2.418756484985351562e-03
1.251530647277832031e-02 2.503633499145507812e-03
1.196527481079101562e-02 2.424001693725585938e-03
1.267027854919433594e-02 2.510070800781250000e-03
1.275300979614257812e-02 2.440929412841796875e-03
2.947163581848144531e-02 3.638267517089843750e-03
1.438927650451660156e-02 2.576351165771484375e-03
1.264834403991699219e-02 2.528190612792968750e-03
2.635598182678222656e-02 3.516912460327148438e-03
1.385283470153808594e-02 2.542257308959960938e-03
1.276278495788574219e-02 2.449274063110351562e-03
1.275467872619628906e-02 2.541542053222656250e-03
1.278567314147949219e-02 2.549886703491210938e-03
1.248002052307128906e-02 2.532720565795898438e-03
3.175258636474609375e-02 3.796339035034179688e-03
1.439023017883300781e-02 2.582788467407226562e-03
1.272654533386230469e-02 2.558708190917968750e-03
2.879071235656738281e-02 3.764152526855468750e-03
1.456880569458007812e-02 2.638339996337890625e-03
1.214194297790527344e-02 2.395153045654296875e-03
1.183009147644042969e-02 2.385854721069335938e-03
2.701616287231445312e-02 3.502845764160156250e-03
1.388955116271972656e-02 2.512693405151367188e-03
1.265811920166015625e-02 2.509593963623046875e-03
1.207304000854492188e-02 2.351522445678710938e-03
1.211500167846679688e-02 2.313613891601562500e-03
1.211977005004882812e-02 2.398014068603515625e-03
1.194047927856445312e-02 2.437591552734375000e-03
1.202535629272460938e-02 2.351284027099609375e-03
1.195096969604492188e-02 2.410650253295898438e-03
1.200485229492187500e-02 2.392292022705078125e-03
1.245474815368652344e-02 2.445220947265625000e-03
1.190853118896484375e-02 2.380847930908203125e-03
1.179623603820800781e-02 2.322435379028320312e-03
1.200246810913085938e-02 2.379894256591796875e-03
1.206159591674804688e-02 2.295732498168945312e-03
1.198363304138183594e-02 2.315282821655273438e-03
1.222229003906250000e-02 2.372741699218750000e-03
1.207470893859863281e-02 2.324819564819335938e-03
1.234030723571777344e-02 2.496719360351562500e-03
1.180958747863769531e-02 2.379894256591796875e-03
1.193785667419433594e-02 2.400398254394531250e-03
1.206064224243164062e-02 2.329349517822265625e-03
1.221323013305664062e-02 2.381563186645507812e-03
2.663445472717285156e-02 3.506898880004882812e-03
1.419448852539062500e-02 2.499103546142578125e-03
1.191401481628417969e-02 2.315282821655273438e-03
2.648401260375976562e-02 3.565073013305664062e-03
1.426863670349121094e-02 2.531290054321289062e-03
1.219987869262695312e-02 2.355098724365234375e-03
1.195073127746582031e-02 2.382755279541015625e-03
1.191234588623046875e-02 2.341747283935546875e-03
1.199650764465332031e-02 2.350568771362304688e-03
1.209664344787597656e-02 2.345085144042968750e-03
1.207971572875976562e-02 2.336740493774414062e-03
1.184177398681640625e-02 2.341747283935546875e-03
1.194930076599121094e-02 2.309083938598632812e-03
1.266217231750488281e-02 2.488851547241210938e-03
1.203632354736328125e-02 2.404689788818359375e-03
1.177287101745605469e-02 2.394914627075195312e-03
1.192998886108398438e-02 2.334833145141601562e-03
1.251101493835449219e-02 2.435684204101562500e-03
1.203513145446777344e-02 2.361536026000976562e-03
1.187491416931152344e-02 2.375364303588867188e-03
1.182508468627929688e-02 2.330064773559570312e-03
1.200628280639648438e-02 2.315998077392578125e-03
1.206994056701660156e-02 2.379655838012695312e-03
1.195120811462402344e-02 2.358913421630859375e-03
1.201510429382324219e-02 2.315282821655273438e-03
1.194000244140625000e-02 2.338647842407226562e-03
1.256155967712402344e-02 2.449750900268554688e-03
1.189160346984863281e-02 2.396106719970703125e-03
1.191830635070800781e-02 2.323150634765625000e-03
1.260018348693847656e-02 2.478837966918945312e-03
1.311683654785156250e-02 2.601385116577148438e-03
1.302528381347656250e-02 2.595663070678710938e-03
1.270413398742675781e-02 2.563476562500000000e-03
1.245069503784179688e-02 2.563953399658203125e-03
1.228094100952148438e-02 2.478361129760742188e-03
1.234054565429687500e-02 2.469301223754882812e-03
2.624917030334472656e-02 3.536939620971679688e-03
1.410603523254394531e-02 2.514839172363281250e-03
2.635765075683593750e-02 3.509759902954101562e-03
2.807545661926269531e-02 3.635406494140625000e-03
