2.374863624572753906e-02 2.797365188598632812e-03
2.363300323486328125e-02 2.802371978759765625e-03
2.419829368591308594e-02 2.977848052978515625e-03
2.414965629577636719e-02 2.909421920776367188e-03
2.351117134094238281e-02 2.816200256347656250e-03
2.289152145385742188e-02 2.778530120849609375e-03
2.289700508117675781e-02 2.768039703369140625e-03
2.395153045654296875e-02 2.866029739379882812e-03
2.399039268493652344e-02 2.766132354736328125e-03
2.374100685119628906e-02 2.771615982055664062e-03
2.324485778808593750e-02 2.674579620361328125e-03
2.402615547180175781e-02 2.825975418090820312e-03
2.436518669128417969e-02 2.924680709838867188e-03
2.319741249084472656e-02 2.627611160278320312e-03
2.316641807556152344e-02 2.630949020385742188e-03
2.389955520629882812e-02 2.785444259643554688e-03
2.351355552673339844e-02 2.766847610473632812e-03
2.319264411926269531e-02 2.679824829101562500e-03
2.271127700805664062e-02 2.682924270629882812e-03
2.306699752807617188e-02 2.590656280517578125e-03
2.382326126098632812e-02 2.808570861816406250e-03
2.278971672058105469e-02 2.684116363525390625e-03
2.320289611816406250e-02 2.605676651000976562e-03
2.318954467773437500e-02 2.622842788696289062e-03
2.370071411132812500e-02 2.836942672729492188e-03
2.326512336730957031e-02 2.623319625854492188e-03
2.309036254882812500e-02 2.600431442260742188e-03
2.315878868103027344e-02 2.603769302368164062e-03
2.304410934448242188e-02 2.639532089233398438e-03
2.264738082885742188e-02 2.595424652099609375e-03
2.331471443176269531e-02 2.688169479370117188e-03
2.318334579467773438e-02 2.605199813842773438e-03
2.387785911560058594e-02 2.812385559082031250e-03
2.400159835815429688e-02 2.804756164550781250e-03
2.363443374633789062e-02 2.783775329589843750e-03
2.314972877502441406e-02 2.631425857543945312e-03
2.300643920898437500e-02 2.691984176635742188e-03
2.297210693359375000e-02 2.659320831298828125e-03
2.349758148193359375e-02 2.630472183227539062e-03
2.304124832153320312e-02 2.577304840087890625e-03
2.385377883911132812e-02 2.759695053100585938e-03
2.298593521118164062e-02 2.654075622558593750e-03
2.296042442321777344e-02 2.593994140625000000e-03
4.648685455322265625e-02 3.133535385131835938e-03
2.374696731567382812e-02 2.648115158081054688e-03
2.335000038146972656e-02 2.662897109985351562e-03
2.328300476074218750e-02 2.612352371215820312e-03
2.311873435974121094e-02 2.641677856445312500e-03
2.319836616516113281e-02 2.576351165771484375e-03
2.332258224487304688e-02 2.609491348266601562e-03
2.313995361328125000e-02 2.576112747192382812e-03
2.312207221984863281e-02 2.615690231323242188e-03
2.342414855957031250e-02 2.576828002929687500e-03
2.319431304931640625e-02 2.612829208374023438e-03
2.313876152038574219e-02 2.593278884887695312e-03
