1.703715324401855469e-02 2.621173858642578125e-03
4.659533500671386719e-02 3.643989562988281250e-03
1.838946342468261719e-02 2.618074417114257812e-03
3.273010253906250000e-02 3.305912017822265625e-03
1.759099960327148438e-02 2.576112747192382812e-03
1.719284057617187500e-02 2.652645111083984375e-03
1.666855812072753906e-02 2.479553222656250000e-03
1.718878746032714844e-02 2.636909484863281250e-03
1.755619049072265625e-02 2.704858779907226562e-03
1.758718490600585938e-02 2.706766128540039062e-03
1.741337776184082031e-02 2.651214599609375000e-03
1.749277114868164062e-02 2.728939056396484375e-03
1.738882064819335938e-02 2.693176269531250000e-03
1.724672317504882812e-02 2.691745758056640625e-03
6.074166297912597656e-02 4.090070724487304688e-03
1.898169517517089844e-02 2.627134323120117188e-03
1.720046997070312500e-02 2.627372741699218750e-03
1.721930503845214844e-02 2.599239349365234375e-03
1.724839210510253906e-02 2.648353576660156250e-03
1.726078987121582031e-02 2.656459808349609375e-03
1.714062690734863281e-02 2.654790878295898438e-03
1.712322235107421875e-02 2.586603164672851562e-03
1.717448234558105469e-02 2.626180648803710938e-03
1.671075820922851562e-02 2.534627914428710938e-03
1.732707023620605469e-02 2.662658691406250000e-03
1.707839965820312500e-02 2.619266510009765625e-03
3.918695449829101562e-02 3.537416458129882812e-03
1.798224449157714844e-02 2.511739730834960938e-03
1.719284057617187500e-02 2.599954605102539062e-03
1.711797714233398438e-02 2.575635910034179688e-03
1.654887199401855469e-02 2.493619918823242188e-03
1.658725738525390625e-02 2.513647079467773438e-03
1.655864715576171875e-02 2.480268478393554688e-03
1.661920547485351562e-02 2.472877502441406250e-03
1.651501655578613281e-02 2.525329589843750000e-03
1.637744903564453125e-02 2.481698989868164062e-03
1.700401306152343750e-02 2.617597579956054688e-03
1.726436614990234375e-02 2.638339996337890625e-03
3.570365905761718750e-02 3.328084945678710938e-03
1.778483390808105469e-02 2.636194229125976562e-03
1.720237731933593750e-02 2.599239349365234375e-03
1.704406738281250000e-02 2.554416656494140625e-03
1.899504661560058594e-02 2.788305282592773438e-03
1.774859428405761719e-02 2.836227416992187500e-03
1.699852943420410156e-02 2.931833267211914062e-03
1.703190803527832031e-02 2.704143524169921875e-03
1.756739616394042969e-02 2.749204635620117188e-03
1.757359504699707031e-02 2.727746963500976562e-03
1.758456230163574219e-02 2.690553665161132812e-03
1.742911338806152344e-02 2.707958221435546875e-03
1.687645912170410156e-02 2.585172653198242188e-03
1.682448387145996094e-02 2.572774887084960938e-03
1.662540435791015625e-02 2.588987350463867188e-03
1.654553413391113281e-02 2.516031265258789062e-03
1.647233963012695312e-02 2.457380294799804688e-03
1.643013954162597656e-02 2.479553222656250000e-03
1.648831367492675781e-02 2.506732940673828125e-03
1.636886596679687500e-02 2.487897872924804688e-03
1.647305488586425781e-02 2.453804016113281250e-03
