3.715825080871582031e-02 3.060340881347656250e-03
3.712773323059082031e-02 3.152132034301757812e-03
3.730273246765136719e-02 3.186464309692382812e-03
3.735852241516113281e-02 3.063917160034179688e-03
3.658413887023925781e-02 2.982616424560546875e-03
3.701758384704589844e-02 3.067493438720703125e-03
3.676342964172363281e-02 3.037929534912109375e-03
3.654003143310546875e-02 2.978563308715820312e-03
3.641176223754882812e-02 2.998590469360351562e-03
3.616380691528320312e-02 3.000974655151367188e-03
3.660655021667480469e-02 2.974987030029296875e-03
3.635573387145996094e-02 3.030300140380859375e-03
3.756332397460937500e-02 3.675222396850585938e-03
3.865718841552734375e-02 3.313541412353515625e-03
3.783893585205078125e-02 3.170490264892578125e-03
