1.028244495391845703e-01 1.175117492675781250e-02
1.014893054962158203e-01 1.105999946594238281e-02
9.999179840087890625e-02 1.113176345825195312e-02
1.006138324737548828e-01 1.137185096740722656e-02
9.918546676635742188e-02 1.102399826049804688e-02
9.893965721130371094e-02 1.109504699707031250e-02
9.977602958679199219e-02 1.115560531616210938e-02
9.855628013610839844e-02 1.114439964294433594e-02
1.000449657440185547e-01 1.113891601562500000e-02
9.887623786926269531e-02 1.109480857849121094e-02
1.039433479309082031e-01 1.143193244934082031e-02
1.018202304840087891e-01 1.109337806701660156e-02
9.900617599487304688e-02 1.115226745605468750e-02
9.908795356750488281e-02 1.100778579711914062e-02
9.903383255004882812e-02 1.111078262329101562e-02
9.972167015075683594e-02 1.106619834899902344e-02
9.857368469238281250e-02 1.143407821655273438e-02
9.902024269104003906e-02 1.106834411621093750e-02
