1.418535709381103516e-01 1.629066467285156250e-02
1.302108764648437500e-01 1.182246208190917969e-02
1.475872993469238281e-01 1.191067695617675781e-02
1.291723251342773438e-01 1.230573654174804688e-02
1.285459995269775391e-01 1.178240776062011719e-02
1.294074058532714844e-01 1.189231872558593750e-02
1.293520927429199219e-01 1.196408271789550781e-02
1.279289722442626953e-01 1.181697845458984375e-02
1.280610561370849609e-01 1.178431510925292969e-02
1.278357505798339844e-01 1.182031631469726562e-02
1.280028820037841797e-01 1.177430152893066406e-02
1.280941963195800781e-01 1.174259185791015625e-02
1.282038688659667969e-01 1.177668571472167969e-02
1.325814723968505859e-01 1.244401931762695312e-02
1.313354969024658203e-01 1.179242134094238281e-02
1.281290054321289062e-01 1.178169250488281250e-02
