8.008122444152832031e-02 6.008386611938476562e-03
8.037805557250976562e-02 7.533311843872070312e-03
7.224774360656738281e-02 5.564451217651367188e-03
7.148957252502441406e-02 5.618333816528320312e-03
7.148504257202148438e-02 5.556344985961914062e-03
7.494616508483886719e-02 6.612300872802734375e-03
7.432651519775390625e-02 5.950450897216796875e-03
7.267427444458007812e-02 5.667448043823242188e-03
7.154560089111328125e-02 5.599021911621093750e-03
7.145547866821289062e-02 5.593776702880859375e-03
7.150506973266601562e-02 5.591154098510742188e-03
