2.979993820190429688e-02 3.277778625488281250e-03
1.737093925476074219e-02 2.572774887084960938e-03
1.704597473144531250e-02 2.644300460815429688e-03
1.700139045715332031e-02 2.659559249877929688e-03
1.651883125305175781e-02 2.526760101318359375e-03
1.657509803771972656e-02 2.556562423706054688e-03
1.643061637878417969e-02 2.460718154907226562e-03
1.649737358093261719e-02 2.505302429199218750e-03
1.647448539733886719e-02 2.504825592041015625e-03
1.647901535034179688e-02 2.498626708984375000e-03
1.647496223449707031e-02 2.504348754882812500e-03
1.665711402893066406e-02 2.486944198608398438e-03
1.657772064208984375e-02 2.522468566894531250e-03
