2.383852005004882812e-02 2.758264541625976562e-03
2.323985099792480469e-02 2.699375152587890625e-03
2.294278144836425781e-02 2.678155899047851562e-03
2.302575111389160156e-02 2.707242965698242188e-03
2.318239212036132812e-02 2.672910690307617188e-03
2.397513389587402344e-02 2.750158309936523438e-03
2.380919456481933594e-02 2.760410308837890625e-03
2.371954917907714844e-02 2.756118774414062500e-03
2.304005622863769531e-02 2.669095993041992188e-03
2.326107025146484375e-02 2.662897109985351562e-03
2.376389503479003906e-02 2.780437469482421875e-03
2.319836616516113281e-02 2.694129943847656250e-03
4.483246803283691406e-02 3.058195114135742188e-03
2.542042732238769531e-02 3.126859664916992188e-03
2.391624450683593750e-02 3.018856048583984375e-03
2.348208427429199219e-02 2.777814865112304688e-03
4.040169715881347656e-02 3.017187118530273438e-03
2.402400970458984375e-02 2.801179885864257812e-03
2.382659912109375000e-02 2.817153930664062500e-03
2.334022521972656250e-02 2.662420272827148438e-03
2.310919761657714844e-02 2.750635147094726562e-03
2.393174171447753906e-02 2.755880355834960938e-03
4.471397399902343750e-02 3.122806549072265625e-03
2.370738983154296875e-02 2.747535705566406250e-03
2.403044700622558594e-02 2.834796905517578125e-03
2.363705635070800781e-02 2.750158309936523438e-03
4.389190673828125000e-02 3.031253814697265625e-03
2.456712722778320312e-02 2.730607986450195312e-03
2.327132225036621094e-02 2.671718597412109375e-03
2.301192283630371094e-02 2.686738967895507812e-03
2.307415008544921875e-02 2.677679061889648438e-03
2.318882942199707031e-02 2.697229385375976562e-03
2.337265014648437500e-02 2.674102783203125000e-03
2.386832237243652344e-02 2.773761749267578125e-03
2.364993095397949219e-02 2.782106399536132812e-03
2.296757698059082031e-02 2.675056457519531250e-03
2.378225326538085938e-02 2.816438674926757812e-03
2.261376380920410156e-02 2.616643905639648438e-03
2.332472801208496094e-02 2.602100372314453125e-03
2.361607551574707031e-02 2.796411514282226562e-03
2.286434173583984375e-02 2.672672271728515625e-03
2.292633056640625000e-02 2.578973770141601562e-03
4.005599021911621094e-02 3.020524978637695312e-03
2.335977554321289062e-02 2.646684646606445312e-03
2.338576316833496094e-02 2.639293670654296875e-03
2.326107025146484375e-02 2.636194229125976562e-03
2.351593971252441406e-02 2.749681472778320312e-03
2.312970161437988281e-02 2.600908279418945312e-03
2.305293083190917969e-02 2.587080001831054688e-03
2.328419685363769531e-02 2.661943435668945312e-03
2.283978462219238281e-02 2.603530883789062500e-03
2.328419685363769531e-02 2.563476562500000000e-03
2.310085296630859375e-02 2.576112747192382812e-03
2.322459220886230469e-02 2.595186233520507812e-03
2.311205863952636719e-02 2.640008926391601562e-03
2.306389808654785156e-02 2.634286880493164062e-03
