2.843904495239257812e-02 2.938747406005859375e-03
2.897381782531738281e-02 2.988815307617187500e-03
5.054664611816406250e-02 2.948284149169921875e-03
2.873015403747558594e-02 2.940177917480468750e-03
2.860355377197265625e-02 2.857446670532226562e-03
4.571485519409179688e-02 2.899408340454101562e-03
2.770662307739257812e-02 2.738714218139648438e-03
2.774381637573242188e-02 2.739191055297851562e-03
2.792811393737792969e-02 2.719879150390625000e-03
2.781248092651367188e-02 2.723693847656250000e-03
2.771711349487304688e-02 2.733945846557617188e-03
2.774739265441894531e-02 2.728700637817382812e-03
2.776145935058593750e-02 2.746105194091796875e-03
2.755355834960937500e-02 2.722263336181640625e-03
2.747893333435058594e-02 2.765893936157226562e-03
2.686285972595214844e-02 2.779245376586914062e-03
