1.247787475585937500e-02 2.454042434692382812e-03
1.258397102355957031e-02 2.530813217163085938e-03
3.705000877380371094e-02 3.890037536621093750e-03
1.451015472412109375e-02 2.529621124267578125e-03
1.189064979553222656e-02 2.393484115600585938e-03
1.210093498229980469e-02 2.419710159301757812e-03
1.271653175354003906e-02 2.566576004028320312e-03
1.251244544982910156e-02 2.514600753784179688e-03
1.193332672119140625e-02 2.408266067504882812e-03
1.257562637329101562e-02 2.518177032470703125e-03
1.213192939758300781e-02 2.405643463134765625e-03
2.902650833129882812e-02 3.770112991333007812e-03
1.454496383666992188e-02 2.660989761352539062e-03
1.197385787963867188e-02 2.315998077392578125e-03
1.211166381835937500e-02 2.332448959350585938e-03
1.252579689025878906e-02 2.501010894775390625e-03
1.206302642822265625e-02 2.448320388793945312e-03
1.211714744567871094e-02 2.408266067504882812e-03
2.911853790283203125e-02 3.781318664550781250e-03
1.422309875488281250e-02 2.519130706787109375e-03
1.169419288635253906e-02 2.393960952758789062e-03
1.236534118652343750e-02 2.400875091552734375e-03
1.251101493835449219e-02 2.504587173461914062e-03
1.220512390136718750e-02 2.453327178955078125e-03
1.208686828613281250e-02 2.405643463134765625e-03
1.207065582275390625e-02 2.392530441284179688e-03
1.186180114746093750e-02 2.589941024780273438e-03
1.208639144897460938e-02 2.427816390991210938e-03
1.203656196594238281e-02 2.436161041259765625e-03
1.237916946411132812e-02 2.476692199707031250e-03
1.324820518493652344e-02 2.674102783203125000e-03
1.266622543334960938e-02 2.582550048828125000e-03
1.234245300292968750e-02 2.551078796386718750e-03
1.260352134704589844e-02 2.550840377807617188e-03
1.297688484191894531e-02 2.607345581054687500e-03
1.221370697021484375e-02 2.477169036865234375e-03
4.856848716735839844e-02 4.718065261840820312e-03
1.636290550231933594e-02 2.849340438842773438e-03
1.288080215454101562e-02 2.557516098022460938e-03
1.186823844909667969e-02 2.446413040161132812e-03
1.268696784973144531e-02 2.550601959228515625e-03
2.884697914123535156e-02 3.760576248168945312e-03
1.419758796691894531e-02 2.548694610595703125e-03
1.216053962707519531e-02 2.434253692626953125e-03
1.278376579284667969e-02 2.516508102416992188e-03
3.156781196594238281e-02 3.743410110473632812e-03
1.426172256469726562e-02 2.606153488159179688e-03
1.211285591125488281e-02 2.449035644531250000e-03
1.208043098449707031e-02 2.401590347290039062e-03
2.867674827575683594e-02 3.755331039428710938e-03
1.416969299316406250e-02 2.535104751586914062e-03
2.615141868591308594e-02 3.514766693115234375e-03
1.431441307067871094e-02 2.522230148315429688e-03
1.202321052551269531e-02 2.369165420532226562e-03
1.265525817871093750e-02 2.466201782226562500e-03
1.281261444091796875e-02 2.490520477294921875e-03
1.222515106201171875e-02 2.425670623779296875e-03
3.173685073852539062e-02 3.804683685302734375e-03
1.431274414062500000e-02 2.594709396362304688e-03
1.208972930908203125e-02 2.406358718872070312e-03
1.186418533325195312e-02 2.410650253295898438e-03
2.682495117187500000e-02 3.553390502929687500e-03
1.425957679748535156e-02 2.521753311157226562e-03
1.192641258239746094e-02 2.362012863159179688e-03
1.207542419433593750e-02 2.358913421630859375e-03
1.214003562927246094e-02 2.337217330932617188e-03
1.181578636169433594e-02 2.321004867553710938e-03
1.235508918762207031e-02 2.464532852172851562e-03
1.253795623779296875e-02 2.541780471801757812e-03
1.260614395141601562e-02 2.558469772338867188e-03
1.171183586120605469e-02 2.419710159301757812e-03
1.208496093750000000e-02 2.394914627075195312e-03
1.267433166503906250e-02 2.500534057617187500e-03
3.005886077880859375e-02 3.674983978271484375e-03
1.435089111328125000e-02 2.598524093627929688e-03
1.182746887207031250e-02 2.391815185546875000e-03
1.191282272338867188e-02 2.364635467529296875e-03
1.250338554382324219e-02 2.493381500244140625e-03
1.199579238891601562e-02 2.372980117797851562e-03
1.244664192199707031e-02 2.486705780029296875e-03
1.234030723571777344e-02 2.492189407348632812e-03
1.191592216491699219e-02 2.444505691528320312e-03
1.193356513977050781e-02 2.445459365844726562e-03
1.215696334838867188e-02 2.372503280639648438e-03
1.212644577026367188e-02 2.365350723266601562e-03
1.211166381835937500e-02 2.395153045654296875e-03
1.174736022949218750e-02 2.336025238037109375e-03
1.195073127746582031e-02 2.390384674072265625e-03
1.198363304138183594e-02 2.459287643432617188e-03
1.207423210144042969e-02 2.369165420532226562e-03
1.253080368041992188e-02 2.432346343994140625e-03
3.422927856445312500e-02 3.947019577026367188e-03
1.483106613159179688e-02 2.637624740600585938e-03
2.602720260620117188e-02 3.509044647216796875e-03
1.362061500549316406e-02 2.464056015014648438e-03
1.259708404541015625e-02 2.505064010620117188e-03
1.207208633422851562e-02 2.403974533081054688e-03
1.214480400085449219e-02 2.448558807373046875e-03
1.209163665771484375e-02 2.412557601928710938e-03
1.240324974060058594e-02 2.511739730834960938e-03
