9.270644187927246094e-02 1.165366172790527344e-02
9.238338470458984375e-02 1.096701622009277344e-02
1.502411365509033203e-01 1.192831993103027344e-02
9.000349044799804688e-02 1.065039634704589844e-02
9.081649780273437500e-02 1.073145866394042969e-02
9.070134162902832031e-02 1.064276695251464844e-02
8.958125114440917969e-02 1.056194305419921875e-02
9.105706214904785156e-02 1.071095466613769531e-02
8.931422233581542969e-02 1.180028915405273438e-02
9.417724609375000000e-02 1.116776466369628906e-02
9.353375434875488281e-02 1.080226898193359375e-02
9.123420715332031250e-02 1.069641113281250000e-02
1.139938831329345703e-01 1.131010055541992188e-02
8.836436271667480469e-02 1.063275337219238281e-02
8.996629714965820312e-02 1.055598258972167969e-02
8.887219429016113281e-02 1.063084602355957031e-02
9.022569656372070312e-02 1.060962677001953125e-02
9.117031097412109375e-02 1.066279411315917969e-02
8.977580070495605469e-02 1.060056686401367188e-02
8.989310264587402344e-02 1.047635078430175781e-02
8.910965919494628906e-02 1.051616668701171875e-02
8.940291404724121094e-02 1.065611839294433594e-02
8.978295326232910156e-02 1.054644584655761719e-02
9.025096893310546875e-02 1.056337356567382812e-02
9.022641181945800781e-02 1.077795028686523438e-02
8.833670616149902344e-02 1.051211357116699219e-02
8.913922309875488281e-02 1.052045822143554688e-02
8.957719802856445312e-02 1.061677932739257812e-02
9.045338630676269531e-02 1.054668426513671875e-02
8.913397789001464844e-02 1.051378250122070312e-02
9.196925163269042969e-02 1.162648200988769531e-02
9.377789497375488281e-02 1.110100746154785156e-02
9.087634086608886719e-02 1.066327095031738281e-02
9.106898307800292969e-02 1.073789596557617188e-02
