1.496624946594238281e-02 2.470970153808593750e-03
1.500344276428222656e-02 2.620220184326171875e-03
4.054713249206542969e-02 3.712177276611328125e-03
1.613759994506835938e-02 2.599954605102539062e-03
1.509928703308105469e-02 2.566814422607421875e-03
1.438784599304199219e-02 2.419233322143554688e-03
1.497578620910644531e-02 2.566814422607421875e-03
1.497602462768554688e-02 2.540349960327148438e-03
1.487088203430175781e-02 2.545833587646484375e-03
1.483798027038574219e-02 2.557039260864257812e-03
1.498699188232421875e-02 2.601861953735351562e-03
1.451539993286132812e-02 2.472162246704101562e-03
1.535296440124511719e-02 2.704858779907226562e-03
1.516938209533691406e-02 3.006696701049804688e-03
1.532506942749023438e-02 2.650976181030273438e-03
1.469564437866210938e-02 2.651453018188476562e-03
1.529264450073242188e-02 2.668619155883789062e-03
1.528787612915039062e-02 2.650499343872070312e-03
1.532721519470214844e-02 2.637147903442382812e-03
1.473855972290039062e-02 2.513647079467773438e-03
1.516294479370117188e-02 2.636194229125976562e-03
1.522970199584960938e-02 2.618074417114257812e-03
1.443481445312500000e-02 2.524852752685546875e-03
1.514625549316406250e-02 2.617359161376953125e-03
1.456928253173828125e-02 2.433300018310546875e-03
1.501369476318359375e-02 2.572536468505859375e-03
1.500868797302246094e-02 2.572774887084960938e-03
1.496315002441406250e-02 2.551078796386718750e-03
1.508188247680664062e-02 2.575159072875976562e-03
1.453685760498046875e-02 2.494335174560546875e-03
1.508402824401855469e-02 2.602338790893554688e-03
1.506304740905761719e-02 2.596139907836914062e-03
1.507019996643066406e-02 2.536773681640625000e-03
1.518988609313964844e-02 2.571821212768554688e-03
1.455736160278320312e-02 2.459764480590820312e-03
1.448464393615722656e-02 2.450942993164062500e-03
1.495504379272460938e-02 2.571344375610351562e-03
1.455211639404296875e-02 2.445697784423828125e-03
1.418519020080566406e-02 2.447366714477539062e-03
1.508879661560058594e-02 2.647399902343750000e-03
1.466012001037597656e-02 2.459764480590820312e-03
1.428508758544921875e-02 2.467632293701171875e-03
1.440000534057617188e-02 2.423524856567382812e-03
1.511716842651367188e-02 2.574682235717773438e-03
3.300619125366210938e-02 3.463745117187500000e-03
2.939081192016601562e-02 3.421068191528320312e-03
1.582336425781250000e-02 2.506971359252929688e-03
1.501750946044921875e-02 2.532482147216796875e-03
2.995395660400390625e-02 3.412008285522460938e-03
1.581978797912597656e-02 2.583503723144531250e-03
1.431798934936523438e-02 2.427101135253906250e-03
1.428389549255371094e-02 2.409219741821289062e-03
1.437830924987792969e-02 2.368688583374023438e-03
1.503562927246093750e-02 2.486705780029296875e-03
1.502060890197753906e-02 2.571821212768554688e-03
1.499128341674804688e-02 2.602577209472656250e-03
1.448941230773925781e-02 2.460718154907226562e-03
1.431727409362792969e-02 2.439022064208984375e-03
1.449370384216308594e-02 2.409696578979492188e-03
1.446628570556640625e-02 2.378940582275390625e-03
1.435708999633789062e-02 2.447843551635742188e-03
1.431035995483398438e-02 2.421617507934570312e-03
2.956104278564453125e-02 3.377676010131835938e-03
1.592803001403808594e-02 2.478599548339843750e-03
1.501178741455078125e-02 2.608299255371093750e-03
1.428461074829101562e-02 2.409696578979492188e-03
1.435017585754394531e-02 2.384185791015625000e-03
1.437211036682128906e-02 2.432346343994140625e-03
1.491904258728027344e-02 2.595186233520507812e-03
1.496505737304687500e-02 2.600431442260742188e-03
1.441097259521484375e-02 2.493143081665039062e-03
1.478242874145507812e-02 2.571105957031250000e-03
1.409459114074707031e-02 2.444505691528320312e-03
3.508830070495605469e-02 3.537416458129882812e-03
1.607155799865722656e-02 2.547502517700195312e-03
1.416611671447753906e-02 2.483844757080078125e-03
1.426124572753906250e-02 2.473592758178710938e-03
1.420497894287109375e-02 2.490282058715820312e-03
1.493859291076660156e-02 2.578258514404296875e-03
1.485657691955566406e-02 2.594709396362304688e-03
1.437568664550781250e-02 2.487897872924804688e-03
1.407527923583984375e-02 2.483844757080078125e-03
1.439833641052246094e-02 2.437829971313476562e-03
1.418066024780273438e-02 2.429008483886718750e-03
1.425218582153320312e-02 2.460956573486328125e-03
1.413774490356445312e-02 2.436876296997070312e-03
1.421308517456054688e-02 2.452373504638671875e-03
1.424360275268554688e-02 2.444982528686523438e-03
1.405048370361328125e-02 2.449989318847656250e-03
1.422548294067382812e-02 2.439022064208984375e-03
1.493310928344726562e-02 2.591133117675781250e-03
1.427745819091796875e-02 2.446651458740234375e-03
1.400279998779296875e-02 2.472400665283203125e-03
1.426601409912109375e-02 2.455472946166992188e-03
1.417660713195800781e-02 2.444982528686523438e-03
1.397895812988281250e-02 2.482891082763671875e-03
1.439213752746582031e-02 2.450704574584960938e-03
1.405000686645507812e-02 2.434730529785156250e-03
1.425671577453613281e-02 2.441167831420898438e-03
1.425409317016601562e-02 2.461433410644531250e-03
