1.573026180267333984e-01 1.403045654296875000e-02
1.445939540863037109e-01 1.251029968261718750e-02
1.445453166961669922e-01 1.250004768371582031e-02
1.435215473175048828e-01 1.232671737670898438e-02
1.436309814453125000e-01 1.274394989013671875e-02
1.438174247741699219e-01 1.241469383239746094e-02
1.437470912933349609e-01 1.236510276794433594e-02
1.458084583282470703e-01 1.262593269348144531e-02
1.448945999145507812e-01 1.388239860534667969e-02
1.501312255859375000e-01 1.293087005615234375e-02
1.443693637847900391e-01 1.253652572631835938e-02
1.443502902984619141e-01 1.231408119201660156e-02
1.439344882965087891e-01 1.241660118103027344e-02
1.437742710113525391e-01 1.235747337341308594e-02
1.441559791564941406e-01 1.243925094604492188e-02
1.438643932342529297e-01 1.237225532531738281e-02
1.437113285064697266e-01 1.247692108154296875e-02
1.440501213073730469e-01 1.236414909362792969e-02
