1.009604930877685547e-01 1.519870758056640625e-02
9.222626686096191406e-02 1.064991950988769531e-02
9.054851531982421875e-02 1.063060760498046875e-02
9.050798416137695312e-02 1.077580451965332031e-02
8.953070640563964844e-02 1.062297821044921875e-02
8.977055549621582031e-02 1.067185401916503906e-02
8.934617042541503906e-02 1.054787635803222656e-02
8.973050117492675781e-02 1.058673858642578125e-02
9.026932716369628906e-02 1.068329811096191406e-02
9.060406684875488281e-02 1.085448265075683594e-02
9.059071540832519531e-02 1.067972183227539062e-02
8.916115760803222656e-02 1.069545745849609375e-02
8.940649032592773438e-02 1.057267189025878906e-02
8.947396278381347656e-02 1.061415672302246094e-02
9.028863906860351562e-02 1.068401336669921875e-02
9.036064147949218750e-02 1.072144508361816406e-02
8.862709999084472656e-02 1.062107086181640625e-02
1.088533401489257812e-01 1.072907447814941406e-02
8.941411972045898438e-02 1.055717468261718750e-02
9.033465385437011719e-02 1.098752021789550781e-02
8.980250358581542969e-02 1.064944267272949219e-02
9.351396560668945312e-02 1.120638847351074219e-02
1.101055145263671875e-01 1.103830337524414062e-02
8.934164047241210938e-02 1.064538955688476562e-02
9.008646011352539062e-02 1.064896583557128906e-02
9.014153480529785156e-02 1.078939437866210938e-02
8.963704109191894531e-02 1.052522659301757812e-02
9.051299095153808594e-02 1.073694229125976562e-02
8.967590332031250000e-02 1.071262359619140625e-02
8.871531486511230469e-02 1.063752174377441406e-02
8.936476707458496094e-02 1.052665710449218750e-02
9.012627601623535156e-02 1.082372665405273438e-02
8.957123756408691406e-02 1.063752174377441406e-02
8.960628509521484375e-02 1.075911521911621094e-02
8.963656425476074219e-02 1.054739952087402344e-02
8.946299552917480469e-02 1.067161560058593750e-02
8.941030502319335938e-02 1.053261756896972656e-02
8.946180343627929688e-02 1.072359085083007812e-02
1.074168682098388672e-01 1.090383529663085938e-02
8.893799781799316406e-02 1.062297821044921875e-02
9.096765518188476562e-02 1.075720787048339844e-02
8.972215652465820312e-02 1.065087318420410156e-02
8.873248100280761719e-02 1.054000854492187500e-02
9.455752372741699219e-02 1.124310493469238281e-02
9.148073196411132812e-02 1.078224182128906250e-02
9.103679656982421875e-02 1.073431968688964844e-02
8.979272842407226562e-02 1.066398620605468750e-02
8.918023109436035156e-02 1.062202453613281250e-02
8.937692642211914062e-02 1.059508323669433594e-02
8.943176269531250000e-02 1.068162918090820312e-02
8.875465393066406250e-02 1.053929328918457031e-02
8.922290802001953125e-02 1.059198379516601562e-02
8.943724632263183594e-02 1.065206527709960938e-02
8.947944641113281250e-02 1.065182685852050781e-02
8.908677101135253906e-02 1.056170463562011719e-02
8.965992927551269531e-02 1.061606407165527344e-02
8.855271339416503906e-02 1.053261756896972656e-02
9.035038948059082031e-02 1.068973541259765625e-02
8.925724029541015625e-02 1.058721542358398438e-02
