8.280324935913085938e-02 1.088094711303710938e-02
7.531023025512695312e-02 1.044344902038574219e-02
7.488965988159179688e-02 1.047873497009277344e-02
7.452034950256347656e-02 1.042604446411132812e-02
7.479214668273925781e-02 1.036453247070312500e-02
7.471847534179687500e-02 1.043152809143066406e-02
7.469820976257324219e-02 1.038002967834472656e-02
7.468247413635253906e-02 1.058793067932128906e-02
7.472085952758789062e-02 1.041054725646972656e-02
7.483720779418945312e-02 1.056194305419921875e-02
7.476615905761718750e-02 1.033329963684082031e-02
7.444429397583007812e-02 1.173329353332519531e-02
7.825303077697753906e-02 1.108026504516601562e-02
7.625150680541992188e-02 1.045441627502441406e-02
7.452392578125000000e-02 1.039791107177734375e-02
7.454872131347656250e-02 1.036906242370605469e-02
7.473015785217285156e-02 1.032161712646484375e-02
7.378411293029785156e-02 1.063132286071777344e-02
7.361578941345214844e-02 1.036834716796875000e-02
9.331870079040527344e-02 1.048684120178222656e-02
7.483410835266113281e-02 1.031184196472167969e-02
7.438707351684570312e-02 1.035618782043457031e-02
7.485556602478027344e-02 1.055788993835449219e-02
7.341337203979492188e-02 1.029562950134277344e-02
7.487440109252929688e-02 1.038432121276855469e-02
7.320785522460937500e-02 1.032710075378417969e-02
7.459425926208496094e-02 1.068234443664550781e-02
7.367372512817382812e-02 1.026248931884765625e-02
7.479286193847656250e-02 1.040601730346679688e-02
7.340931892395019531e-02 1.025032997131347656e-02
7.335352897644042969e-02 1.016283035278320312e-02
7.472491264343261719e-02 1.054120063781738281e-02
7.324528694152832031e-02 1.033711433410644531e-02
7.330441474914550781e-02 1.031160354614257812e-02
7.325577735900878906e-02 1.023435592651367188e-02
7.354211807250976562e-02 1.027321815490722656e-02
7.333159446716308594e-02 1.035809516906738281e-02
7.572269439697265625e-02 1.137399673461914062e-02
7.654809951782226562e-02 1.076197624206542969e-02
7.474851608276367188e-02 1.042938232421875000e-02
7.368564605712890625e-02 1.032853126525878906e-02
7.349777221679687500e-02 1.039695739746093750e-02
7.331418991088867188e-02 1.030564308166503906e-02
7.321524620056152344e-02 1.023459434509277344e-02
7.336902618408203125e-02 1.038503646850585938e-02
7.338047027587890625e-02 1.031827926635742188e-02
7.351398468017578125e-02 1.025700569152832031e-02
