3.590250015258789062e-02 3.132343292236328125e-03
3.598690032958984375e-02 3.193378448486328125e-03
3.629517555236816406e-02 3.141164779663085938e-03
3.732872009277343750e-02 3.431081771850585938e-03
3.736019134521484375e-02 3.259897232055664062e-03
3.697180747985839844e-02 3.237247467041015625e-03
3.692483901977539062e-02 3.182888031005859375e-03
3.611588478088378906e-02 3.177165985107421875e-03
3.649258613586425781e-02 3.151655197143554688e-03
3.625273704528808594e-02 3.148317337036132812e-03
3.610777854919433594e-02 3.162145614624023438e-03
3.600406646728515625e-02 3.123521804809570312e-03
3.611564636230468750e-02 3.139734268188476562e-03
3.607273101806640625e-02 3.140449523925781250e-03
3.554749488830566406e-02 3.040552139282226562e-03
3.619837760925292969e-02 3.077507019042968750e-03
5.512356758117675781e-02 3.121376037597656250e-03
3.608393669128417969e-02 3.134012222290039062e-03
3.510403633117675781e-02 2.991199493408203125e-03
3.594708442687988281e-02 3.084659576416015625e-03
3.630852699279785156e-02 3.093481063842773438e-03
3.684878349304199219e-02 3.117799758911132812e-03
3.625798225402832031e-02 3.156423568725585938e-03
3.563475608825683594e-02 3.050088882446289062e-03
3.527522087097167969e-02 2.983570098876953125e-03
3.558826446533203125e-02 3.000974655151367188e-03
5.531716346740722656e-02 3.102302551269531250e-03
3.621864318847656250e-02 3.167867660522460938e-03
3.536009788513183594e-02 3.005504608154296875e-03
3.518199920654296875e-02 2.987384796142578125e-03
3.534936904907226562e-02 3.023862838745117188e-03
3.527021408081054688e-02 2.991914749145507812e-03
3.521013259887695312e-02 3.027915954589843750e-03
3.513979911804199219e-02 3.000259399414062500e-03
3.496479988098144531e-02 2.992391586303710938e-03
3.534626960754394531e-02 2.978801727294921875e-03
3.488731384277343750e-02 2.987146377563476562e-03
