5.344343185424804688e-02 1.012802124023437500e-02
5.303597450256347656e-02 1.006150245666503906e-02
5.303883552551269531e-02 9.795904159545898438e-03
5.571603775024414062e-02 1.019859313964843750e-02
5.348658561706542969e-02 1.000261306762695312e-02
5.597901344299316406e-02 1.030969619750976562e-02
5.367350578308105469e-02 9.478092193603515625e-03
5.248236656188964844e-02 9.713888168334960938e-03
5.089926719665527344e-02 9.572505950927734375e-03
5.122423171997070312e-02 9.433507919311523438e-03
5.232667922973632812e-02 9.672880172729492188e-03
6.858515739440917969e-02 9.563446044921875000e-03
5.090308189392089844e-02 9.594440460205078125e-03
5.077338218688964844e-02 9.567975997924804688e-03
5.096888542175292969e-02 9.510517120361328125e-03
5.085587501525878906e-02 9.607791900634765625e-03
5.086708068847656250e-02 9.470939636230468750e-03
5.106258392333984375e-02 9.546756744384765625e-03
5.073356628417968750e-02 9.617328643798828125e-03
5.074286460876464844e-02 9.519338607788085938e-03
5.093359947204589844e-02 9.483575820922851562e-03
