1.626555919647216797e-01 1.322436332702636719e-02
1.456222534179687500e-01 1.241850852966308594e-02
1.453735828399658203e-01 1.254868507385253906e-02
1.453418731689453125e-01 1.260828971862792969e-02
1.453289985656738281e-01 1.252198219299316406e-02
1.453061103820800781e-01 1.278901100158691406e-02
1.442849636077880859e-01 1.246070861816406250e-02
1.441862583160400391e-01 1.248979568481445312e-02
1.451210975646972656e-01 1.263856887817382812e-02
1.441860198974609375e-01 1.238942146301269531e-02
1.442744731903076172e-01 1.238656044006347656e-02
1.442022323608398438e-01 1.219987869262695312e-02
1.455104351043701172e-01 1.263260841369628906e-02
1.474318504333496094e-01 1.295781135559082031e-02
1.483533382415771484e-01 1.251268386840820312e-02
1.444566249847412109e-01 1.254177093505859375e-02
1.443479061126708984e-01 1.244044303894042969e-02
1.441326141357421875e-01 1.236081123352050781e-02
1.442465782165527344e-01 1.229667663574218750e-02
1.443803310394287109e-01 1.227498054504394531e-02
1.444239616394042969e-01 1.251339912414550781e-02
1.441481113433837891e-01 1.228165626525878906e-02
