3.836369514465332031e-02 3.157377243041992188e-03
3.833723068237304688e-02 3.170013427734375000e-03
3.825283050537109375e-02 3.177404403686523438e-03
3.759431838989257812e-02 3.094673156738281250e-03
3.793907165527343750e-02 3.181695938110351562e-03
3.777623176574707031e-02 3.060102462768554688e-03
3.761434555053710938e-02 3.076076507568359375e-03
3.732991218566894531e-02 3.058195114135742188e-03
3.763461112976074219e-02 3.051042556762695312e-03
3.735637664794921875e-02 3.071546554565429688e-03
3.734421730041503906e-02 3.093481063842773438e-03
3.754544258117675781e-02 3.136396408081054688e-03
3.759622573852539062e-02 3.081083297729492188e-03
3.727817535400390625e-02 3.064393997192382812e-03
