1.943874359130859375e-02 2.741575241088867188e-03
1.942896842956542969e-02 2.764463424682617188e-03
7.198476791381835938e-02 4.119157791137695312e-03
2.114748954772949219e-02 2.728462219238281250e-03
1.916074752807617188e-02 2.682685852050781250e-03
1.902890205383300781e-02 2.646207809448242188e-03
1.900267601013183594e-02 2.647161483764648438e-03
1.900649070739746094e-02 2.652406692504882812e-03
1.947236061096191406e-02 2.735376358032226562e-03
3.755354881286621094e-02 3.298044204711914062e-03
2.016115188598632812e-02 2.892494201660156250e-03
1.998782157897949219e-02 2.880096435546875000e-03
1.991820335388183594e-02 2.875566482543945312e-03
4.129910469055175781e-02 3.315925598144531250e-03
1.984453201293945312e-02 2.654790878295898438e-03
1.929306983947753906e-02 2.710819244384765625e-03
1.938676834106445312e-02 2.717018127441406250e-03
1.934313774108886719e-02 2.714157104492187500e-03
4.107713699340820312e-02 3.405809402465820312e-03
1.977276802062988281e-02 2.747535705566406250e-03
1.933360099792480469e-02 2.665519714355468750e-03
1.939320564270019531e-02 2.710103988647460938e-03
1.856112480163574219e-02 2.633571624755859375e-03
1.914811134338378906e-02 2.644538879394531250e-03
1.861691474914550781e-02 2.648830413818359375e-03
1.852321624755859375e-02 2.572059631347656250e-03
1.923274993896484375e-02 2.662897109985351562e-03
1.931667327880859375e-02 2.738714218139648438e-03
1.947021484375000000e-02 2.726554870605468750e-03
1.867270469665527344e-02 2.568244934082031250e-03
1.875591278076171875e-02 2.555847167968750000e-03
1.854205131530761719e-02 2.563238143920898438e-03
1.858711242675781250e-02 2.624988555908203125e-03
1.865649223327636719e-02 2.599000930786132812e-03
1.875877380371093750e-02 2.578735351562500000e-03
1.852679252624511719e-02 2.565622329711914062e-03
1.882004737854003906e-02 2.593517303466796875e-03
1.859021186828613281e-02 2.610921859741210938e-03
