1.938843727111816406e-02 2.686262130737304688e-03
1.951479911804199219e-02 2.779722213745117188e-03
3.773617744445800781e-02 3.323078155517578125e-03
1.964592933654785156e-02 2.759695053100585938e-03
1.954674720764160156e-02 2.735614776611328125e-03
1.896810531616210938e-02 2.694606781005859375e-03
1.899027824401855469e-02 2.644062042236328125e-03
1.913189888000488281e-02 2.647399902343750000e-03
1.900148391723632812e-02 2.659082412719726562e-03
1.889705657958984375e-02 2.655029296875000000e-03
1.897430419921875000e-02 2.647399902343750000e-03
1.898860931396484375e-02 2.655267715454101562e-03
1.896381378173828125e-02 2.657890319824218750e-03
1.896500587463378906e-02 2.643823623657226562e-03
