3.241419792175292969e-02 2.924203872680664062e-03
3.204774856567382812e-02 2.923965454101562500e-03
3.286838531494140625e-02 2.971172332763671875e-03
4.939937591552734375e-02 3.018140792846679688e-03
3.262495994567871094e-02 2.954483032226562500e-03
3.191447257995605469e-02 2.889156341552734375e-03
3.224992752075195312e-02 2.943992614746093750e-03
3.218460083007812500e-02 2.911090850830078125e-03
3.225755691528320312e-02 2.824544906616210938e-03
3.244471549987792969e-02 2.860784530639648438e-03
3.229522705078125000e-02 2.919435501098632812e-03
3.216648101806640625e-02 2.874135971069335938e-03
3.232693672180175781e-02 2.922534942626953125e-03
3.221964836120605469e-02 2.883911132812500000e-03
