1.424598693847656250e-01 1.633691787719726562e-02
1.304841041564941406e-01 1.182794570922851562e-02
1.295394897460937500e-01 1.185178756713867188e-02
1.296732425689697266e-01 1.228690147399902344e-02
1.282126903533935547e-01 1.209807395935058594e-02
1.282334327697753906e-01 1.186466217041015625e-02
1.292638778686523438e-01 1.193094253540039062e-02
1.293566226959228516e-01 1.282477378845214844e-02
1.336157321929931641e-01 1.231741905212402344e-02
1.288571357727050781e-01 1.186800003051757812e-02
1.292793750762939453e-01 1.184463500976562500e-02
1.282422542572021484e-01 1.170873641967773438e-02
1.280949115753173828e-01 1.175260543823242188e-02
1.285326480865478516e-01 1.174807548522949219e-02
1.280510425567626953e-01 1.179099082946777344e-02
1.282637119293212891e-01 1.171278953552246094e-02
1.280448436737060547e-01 1.170372962951660156e-02
1.279485225677490234e-01 1.169490814208984375e-02
1.280035972595214844e-01 1.171684265136718750e-02
1.283662319183349609e-01 1.171207427978515625e-02
