3.796410560607910156e-02 3.115415573120117188e-03
3.821587562561035156e-02 3.158092498779296875e-03
3.809499740600585938e-02 3.182172775268554688e-03
3.810572624206542969e-02 3.161668777465820312e-03
3.749942779541015625e-02 3.083944320678710938e-03
3.809213638305664062e-02 3.156423568725585938e-03
5.493569374084472656e-02 3.084897994995117188e-03
3.806018829345703125e-02 3.156423568725585938e-03
3.818035125732421875e-02 3.177642822265625000e-03
3.834486007690429688e-02 3.400802612304687500e-03
4.011845588684082031e-02 3.568410873413085938e-03
3.920149803161621094e-02 3.289222717285156250e-03
3.911852836608886719e-02 3.273725509643554688e-03
3.801488876342773438e-02 3.150463104248046875e-03
3.860926628112792969e-02 3.224849700927734375e-03
3.739404678344726562e-02 3.082036972045898438e-03
3.734493255615234375e-02 3.068685531616210938e-03
3.746724128723144531e-02 3.099203109741210938e-03
3.841829299926757812e-02 3.182172775268554688e-03
3.825283050537109375e-02 3.202438354492187500e-03
3.726243972778320312e-02 3.096818923950195312e-03
3.820538520812988281e-02 3.164768218994140625e-03
3.821778297424316406e-02 3.207445144653320312e-03
3.828072547912597656e-02 3.158569335937500000e-03
3.803992271423339844e-02 3.168821334838867188e-03
3.813743591308593750e-02 3.160953521728515625e-03
3.756690025329589844e-02 3.090143203735351562e-03
3.751397132873535156e-02 3.061532974243164062e-03
3.748917579650878906e-02 3.072738647460937500e-03
3.733992576599121094e-02 3.072023391723632812e-03
3.745555877685546875e-02 3.069400787353515625e-03
3.749012947082519531e-02 3.065347671508789062e-03
3.746747970581054688e-02 3.084182739257812500e-03
3.832125663757324219e-02 3.257036209106445312e-03
5.682969093322753906e-02 3.116369247436523438e-03
3.752326965332031250e-02 3.082513809204101562e-03
3.743052482604980469e-02 3.097057342529296875e-03
3.765606880187988281e-02 3.120422363281250000e-03
3.832936286926269531e-02 3.206014633178710938e-03
3.825116157531738281e-02 3.209829330444335938e-03
3.745579719543457031e-02 3.072977066040039062e-03
3.803443908691406250e-02 3.160953521728515625e-03
3.812384605407714844e-02 3.207683563232421875e-03
3.752803802490234375e-02 3.060340881347656250e-03
3.758192062377929688e-02 3.069400787353515625e-03
3.746342658996582031e-02 3.072261810302734375e-03
3.724312782287597656e-02 3.071784973144531250e-03
3.733420372009277344e-02 3.063678741455078125e-03
3.733992576599121094e-02 3.086090087890625000e-03
3.755021095275878906e-02 3.096342086791992188e-03
3.762054443359375000e-02 3.075361251831054688e-03
3.726506233215332031e-02 3.089666366577148438e-03
