4.045796394348144531e-02 3.672838211059570312e-03
1.629447937011718750e-02 2.525091171264648438e-03
2.898335456848144531e-02 3.376483917236328125e-03
1.578903198242187500e-02 2.505302429199218750e-03
1.476955413818359375e-02 2.482652664184570312e-03
1.489710807800292969e-02 2.613782882690429688e-03
1.491427421569824219e-02 2.521514892578125000e-03
1.425218582153320312e-02 2.448320388793945312e-03
1.432371139526367188e-02 2.405166625976562500e-03
1.472091674804687500e-02 2.472877502441406250e-03
1.431846618652343750e-02 2.364873886108398438e-03
1.405620574951171875e-02 2.468585968017578125e-03
1.424670219421386719e-02 2.398014068603515625e-03
1.416921615600585938e-02 2.447605133056640625e-03
1.429271697998046875e-02 2.411365509033203125e-03
1.421570777893066406e-02 2.382516860961914062e-03
1.441884040832519531e-02 2.391099929809570312e-03
1.419806480407714844e-02 2.433300018310546875e-03
1.413345336914062500e-02 2.386569976806640625e-03
