5.164313316345214844e-02 1.345229148864746094e-02
5.096197128295898438e-02 1.336765289306640625e-02
5.078148841857910156e-02 9.671926498413085938e-03
7.609009742736816406e-02 9.521722793579101562e-03
4.612636566162109375e-02 9.441375732421875000e-03
4.635643959045410156e-02 9.472370147705078125e-03
4.709315299987792969e-02 9.422063827514648438e-03
4.695534706115722656e-02 9.540081024169921875e-03
4.679179191589355469e-02 5.160307884216308594e-02
4.766869544982910156e-02 9.423494338989257812e-03
4.718518257141113281e-02 9.343624114990234375e-03
4.673552513122558594e-02 9.417295455932617188e-03
4.672741889953613281e-02 9.326457977294921875e-03
4.664230346679687500e-02 9.360313415527343750e-03
4.671716690063476562e-02 9.363174438476562500e-03
