1.509439945220947266e-01 1.304602622985839844e-02
1.443538665771484375e-01 1.246261596679687500e-02
1.442584991455078125e-01 1.241755485534667969e-02
1.442036628723144531e-01 1.260495185852050781e-02
1.445257663726806641e-01 1.254272460937500000e-02
1.438629627227783203e-01 1.249051094055175781e-02
1.445043087005615234e-01 1.251912117004394531e-02
1.445453166961669922e-01 1.252603530883789062e-02
1.492643356323242188e-01 1.298260688781738281e-02
1.461722850799560547e-01 1.263046264648437500e-02
1.434235572814941406e-01 1.230740547180175781e-02
1.446530818939208984e-01 1.251339912414550781e-02
1.445715427398681641e-01 1.262307167053222656e-02
1.610834598541259766e-01 1.253771781921386719e-02
1.443748474121093750e-01 1.254343986511230469e-02
1.431343555450439453e-01 1.235604286193847656e-02
1.445615291595458984e-01 1.246929168701171875e-02
1.434915065765380859e-01 1.244497299194335938e-02
1.442759037017822266e-01 1.253151893615722656e-02
1.436655521392822266e-01 1.238632202148437500e-02
1.411864757537841797e-01 1.226496696472167969e-02
1.415634155273437500e-01 1.229286193847656250e-02
1.446425914764404297e-01 1.292800903320312500e-02
1.423246860504150391e-01 1.227784156799316406e-02
1.407282352447509766e-01 1.229524612426757812e-02
1.395578384399414062e-01 1.215887069702148438e-02
1.408443450927734375e-01 1.221466064453125000e-02
1.398541927337646484e-01 1.231265068054199219e-02
1.396405696868896484e-01 1.213288307189941406e-02
1.392467021942138672e-01 1.212978363037109375e-02
1.388962268829345703e-01 1.225185394287109375e-02
1.393213272094726562e-01 1.211047172546386719e-02
1.396818161010742188e-01 1.222848892211914062e-02
1.397278308868408203e-01 1.213645935058593750e-02
