1.243853569030761719e-02 2.438068389892578125e-03
1.197171211242675781e-02 2.339363098144531250e-03
1.231193542480468750e-02 2.485752105712890625e-03
1.203179359436035156e-02 2.376317977905273438e-03
1.263928413391113281e-02 2.546787261962890625e-03
1.190376281738281250e-02 2.430677413940429688e-03
1.272010803222656250e-02 2.498388290405273438e-03
1.273131370544433594e-02 2.586603164672851562e-03
1.221871376037597656e-02 2.491712570190429688e-03
1.261115074157714844e-02 2.502679824829101562e-03
1.205849647521972656e-02 2.464771270751953125e-03
5.569553375244140625e-02 5.439758300781250000e-03
1.778411865234375000e-02 2.907991409301757812e-03
1.283621788024902344e-02 2.515792846679687500e-03
1.198172569274902344e-02 2.398252487182617188e-03
3.516101837158203125e-02 3.789186477661132812e-03
1.472282409667968750e-02 2.635240554809570312e-03
1.265692710876464844e-02 2.493143081665039062e-03
1.172327995300292969e-02 2.380371093750000000e-03
1.254200935363769531e-02 2.514600753784179688e-03
1.217627525329589844e-02 2.405881881713867188e-03
1.263880729675292969e-02 2.540588378906250000e-03
3.001666069030761719e-02 3.663778305053710938e-03
1.421570777893066406e-02 2.524375915527343750e-03
1.256585121154785156e-02 2.543687820434570312e-03
1.161742210388183594e-02 2.379179000854492188e-03
1.179790496826171875e-02 2.392530441284179688e-03
3.432607650756835938e-02 3.943443298339843750e-03
1.470518112182617188e-02 2.642631530761718750e-03
1.254153251647949219e-02 2.490043640136718750e-03
1.274991035461425781e-02 2.542257308959960938e-03
1.261591911315917969e-02 2.495050430297851562e-03
1.203322410583496094e-02 2.359867095947265625e-03
1.297092437744140625e-02 2.641201019287109375e-03
1.327991485595703125e-02 2.624273300170898438e-03
1.303911209106445312e-02 2.648115158081054688e-03
1.194572448730468750e-02 2.516984939575195312e-03
1.243305206298828125e-02 2.523660659790039062e-03
1.209664344787597656e-02 2.308845520019531250e-03
1.222205162048339844e-02 2.483367919921875000e-03
1.245069503784179688e-02 2.485036849975585938e-03
1.229119300842285156e-02 2.490043640136718750e-03
3.614592552185058594e-02 3.887176513671875000e-03
1.478815078735351562e-02 2.645969390869140625e-03
1.270246505737304688e-02 2.494573593139648438e-03
1.270413398742675781e-02 2.545595169067382812e-03
1.197004318237304688e-02 2.427101135253906250e-03
1.167631149291992188e-02 2.358913421630859375e-03
3.171610832214355469e-02 3.803253173828125000e-03
1.466250419616699219e-02 2.513647079467773438e-03
1.194834709167480469e-02 2.367734909057617188e-03
1.257538795471191406e-02 2.499341964721679688e-03
1.211977005004882812e-02 2.387523651123046875e-03
1.198983192443847656e-02 2.393007278442382812e-03
1.249003410339355469e-02 2.521991729736328125e-03
2.999281883239746094e-02 3.652811050415039062e-03
1.423335075378417969e-02 2.571582794189453125e-03
1.199769973754882812e-02 2.360582351684570312e-03
1.199269294738769531e-02 2.375841140747070312e-03
1.186943054199218750e-02 2.376317977905273438e-03
1.263332366943359375e-02 2.508401870727539062e-03
1.192831993103027344e-02 2.347469329833984375e-03
1.199150085449218750e-02 2.357244491577148438e-03
1.211977005004882812e-02 2.356052398681640625e-03
1.234221458435058594e-02 2.495288848876953125e-03
1.177096366882324219e-02 2.381563186645507812e-03
1.214075088500976562e-02 2.409219741821289062e-03
1.199388504028320312e-02 2.364873886108398438e-03
1.189255714416503906e-02 2.399921417236328125e-03
1.258063316345214844e-02 2.484321594238281250e-03
1.218533515930175781e-02 2.399444580078125000e-03
1.178669929504394531e-02 2.396583557128906250e-03
1.209330558776855469e-02 2.408027648925781250e-03
1.213192939758300781e-02 2.389907836914062500e-03
1.197171211242675781e-02 2.432107925415039062e-03
1.200866699218750000e-02 2.397298812866210938e-03
1.206278800964355469e-02 2.389430999755859375e-03
1.218390464782714844e-02 2.406597137451171875e-03
1.166439056396484375e-02 2.325057983398437500e-03
