9.782266616821289062e-02 1.503038406372070312e-02
9.394431114196777344e-02 1.060128211975097656e-02
9.016108512878417969e-02 1.069188117980957031e-02
8.962178230285644531e-02 1.111125946044921875e-02
9.107446670532226562e-02 1.069092750549316406e-02
9.053111076354980469e-02 1.073145866394042969e-02
8.897447586059570312e-02 1.060557365417480469e-02
9.051609039306640625e-02 1.075029373168945312e-02
9.002280235290527344e-02 1.070809364318847656e-02
8.989667892456054688e-02 1.070022583007812500e-02
8.969283103942871094e-02 1.066493988037109375e-02
8.996152877807617188e-02 1.066994667053222656e-02
8.915853500366210938e-02 1.068139076232910156e-02
8.959102630615234375e-02 1.055908203125000000e-02
8.969593048095703125e-02 1.069331169128417969e-02
8.849501609802246094e-02 1.054811477661132812e-02
8.931732177734375000e-02 1.057362556457519531e-02
8.959555625915527344e-02 1.062035560607910156e-02
9.032106399536132812e-02 1.088953018188476562e-02
8.931207656860351562e-02 1.056861877441406250e-02
8.956384658813476562e-02 1.061797142028808594e-02
8.994770050048828125e-02 1.188182830810546875e-02
9.300827980041503906e-02 1.116776466369628906e-02
9.258246421813964844e-02 1.073145866394042969e-02
8.974742889404296875e-02 1.068782806396484375e-02
8.975768089294433594e-02 1.062774658203125000e-02
8.954000473022460938e-02 1.057291030883789062e-02
1.087214946746826172e-01 1.069021224975585938e-02
8.931136131286621094e-02 1.061439514160156250e-02
8.824753761291503906e-02 1.058721542358398438e-02
8.942317962646484375e-02 1.061964035034179688e-02
8.929109573364257812e-02 1.054096221923828125e-02
8.987855911254882812e-02 1.067495346069335938e-02
8.884453773498535156e-02 1.053428649902343750e-02
8.946943283081054688e-02 1.062774658203125000e-02
8.864903450012207031e-02 1.049494743347167969e-02
8.884572982788085938e-02 1.048636436462402344e-02
8.939886093139648438e-02 1.053738594055175781e-02
8.887720108032226562e-02 1.046633720397949219e-02
8.994340896606445312e-02 1.066017150878906250e-02
8.923029899597167969e-02 1.057600975036621094e-02
8.943939208984375000e-02 1.059818267822265625e-02
8.937883377075195312e-02 1.050305366516113281e-02
8.943819999694824219e-02 1.172304153442382812e-02
9.154939651489257812e-02 1.111006736755371094e-02
1.990952491760253906e-01 1.073527336120605469e-02
8.879780769348144531e-02 1.060605049133300781e-02
8.814883232116699219e-02 1.054358482360839844e-02
8.778190612792968750e-02 1.062488555908203125e-02
8.873701095581054688e-02 1.066875457763671875e-02
8.878636360168457031e-02 1.055622100830078125e-02
8.853483200073242188e-02 1.069593429565429688e-02
8.741044998168945312e-02 1.053380966186523438e-02
8.748531341552734375e-02 1.062035560607910156e-02
8.804488182067871094e-02 1.055932044982910156e-02
8.939886093139648438e-02 1.068711280822753906e-02
8.767700195312500000e-02 1.054263114929199219e-02
8.756661415100097656e-02 1.058602333068847656e-02
8.816766738891601562e-02 1.052641868591308594e-02
8.899354934692382812e-02 1.053667068481445312e-02
8.951115608215332031e-02 1.071834564208984375e-02
1.079654693603515625e-01 1.061987876892089844e-02
9.023642539978027344e-02 1.084160804748535156e-02
8.814764022827148438e-02 1.054143905639648438e-02
8.913898468017578125e-02 1.181364059448242188e-02
9.298658370971679688e-02 1.120257377624511719e-02
9.030508995056152344e-02 1.064014434814453125e-02
8.916592597961425781e-02 1.063323020935058594e-02
8.899497985839843750e-02 1.059436798095703125e-02
8.872509002685546875e-02 1.057648658752441406e-02
8.870387077331542969e-02 1.059365272521972656e-02
8.937191963195800781e-02 1.053905487060546875e-02
