1.082994937896728516e-01 1.178169250488281250e-02
1.021292209625244141e-01 1.139974594116210938e-02
1.060590744018554688e-01 1.124835014343261719e-02
1.035301685333251953e-01 1.122283935546875000e-02
1.044261455535888672e-01 1.129555702209472656e-02
1.037404537200927734e-01 1.107907295227050781e-02
1.036291122436523438e-01 1.110219955444335938e-02
1.038136482238769531e-01 1.108884811401367188e-02
1.050066947937011719e-01 1.123261451721191406e-02
1.047942638397216797e-01 1.120257377624511719e-02
1.045269966125488281e-01 1.120662689208984375e-02
1.039495468139648438e-01 1.127195358276367188e-02
1.052408218383789062e-01 1.142525672912597656e-02
1.044936180114746094e-01 1.116585731506347656e-02
1.234312057495117188e-01 1.129126548767089844e-02
1.040377616882324219e-01 1.128983497619628906e-02
1.047739982604980469e-01 1.244378089904785156e-02
1.081855297088623047e-01 1.166772842407226562e-02
1.025822162628173828e-01 1.122188568115234375e-02
9.877991676330566406e-02 1.115775108337402344e-02
1.000275611877441406e-01 1.119256019592285156e-02
1.020472049713134766e-01 1.124906539916992188e-02
1.038732528686523438e-01 1.120233535766601562e-02
1.034905910491943359e-01 1.102900505065917969e-02
1.002128124237060547e-01 1.119971275329589844e-02
9.895658493041992188e-02 1.112580299377441406e-02
1.193792819976806641e-01 1.124238967895507812e-02
1.004550457000732422e-01 1.119136810302734375e-02
9.873676300048828125e-02 1.121091842651367188e-02
1.001787185668945312e-01 1.118397712707519531e-02
1.001727581024169922e-01 1.137614250183105469e-02
1.003654003143310547e-01 1.118278503417968750e-02
9.914755821228027344e-02 1.111626625061035156e-02
9.912395477294921875e-02 1.103544235229492188e-02
1.002223491668701172e-01 1.121711730957031250e-02
9.855890274047851562e-02 1.102256774902343750e-02
1.045553684234619141e-01 1.172161102294921875e-02
1.032724380493164062e-01 1.156330108642578125e-02
1.175196170806884766e-01 1.121997833251953125e-02
9.892916679382324219e-02 1.098728179931640625e-02
1.004312038421630859e-01 1.123571395874023438e-02
1.001014709472656250e-01 1.114869117736816406e-02
9.889626502990722656e-02 1.114130020141601562e-02
1.152577400207519531e-01 1.124072074890136719e-02
1.001780033111572266e-01 1.125717163085937500e-02
9.879803657531738281e-02 1.100349426269531250e-02
1.000463962554931641e-01 1.122236251831054688e-02
9.919810295104980469e-02 1.105189323425292969e-02
1.002898216247558594e-01 1.120829582214355469e-02
9.925174713134765625e-02 1.104068756103515625e-02
1.001648902893066406e-01 1.123619079589843750e-02
9.896349906921386719e-02 1.106667518615722656e-02
9.874248504638671875e-02 1.109194755554199219e-02
1.002748012542724609e-01 1.114225387573242188e-02
9.853649139404296875e-02 1.111817359924316406e-02
9.894824028015136719e-02 1.210761070251464844e-02
1.044309139251708984e-01 1.163005828857421875e-02
9.940123558044433594e-02 1.115798950195312500e-02
1.002595424652099609e-01 1.120138168334960938e-02
9.842133522033691406e-02 1.102089881896972656e-02
9.933781623840332031e-02 1.124978065490722656e-02
9.904956817626953125e-02 1.109194755554199219e-02
9.922933578491210938e-02 1.122260093688964844e-02
9.899353981018066406e-02 1.104760169982910156e-02
1.171865463256835938e-01 1.114988327026367188e-02
9.876370429992675781e-02 1.116490364074707031e-02
9.846258163452148438e-02 1.124072074890136719e-02
9.859609603881835938e-02 1.098108291625976562e-02
9.842181205749511719e-02 1.112222671508789062e-02
9.862327575683593750e-02 1.103615760803222656e-02
9.845447540283203125e-02 1.109790802001953125e-02
9.869122505187988281e-02 1.100659370422363281e-02
9.857010841369628906e-02 1.108670234680175781e-02
9.875845909118652344e-02 1.103663444519042969e-02
