1.368782520294189453e-01 1.639056205749511719e-02
1.320128440856933594e-01 1.188611984252929688e-02
1.286623477935791016e-01 1.197314262390136719e-02
1.293144226074218750e-01 1.201963424682617188e-02
1.289658546447753906e-01 1.214909553527832031e-02
1.276376247406005859e-01 1.187968254089355469e-02
1.280446052551269531e-01 1.192879676818847656e-02
1.275227069854736328e-01 1.178550720214843750e-02
1.275002956390380859e-01 1.182603836059570312e-02
1.278419494628906250e-01 1.180458068847656250e-02
1.303293704986572266e-01 1.238369941711425781e-02
1.274044513702392578e-01 1.153421401977539062e-02
1.251163482666015625e-01 1.155948638916015625e-02
1.253764629364013672e-01 1.157522201538085938e-02
