4.854750633239746094e-02 1.002788543701171875e-02
4.731798171997070312e-02 9.872436523437500000e-03
4.673075675964355469e-02 9.316921234130859375e-03
4.720187187194824219e-02 9.436607360839843750e-03
4.665350914001464844e-02 9.564638137817382812e-03
4.704880714416503906e-02 9.518384933471679688e-03
4.731297492980957031e-02 9.547233581542968750e-03
4.555392265319824219e-02 9.368658065795898438e-03
6.403183937072753906e-02 9.375333786010742188e-03
4.694819450378417969e-02 9.591102600097656250e-03
4.538559913635253906e-02 9.440660476684570312e-03
4.864382743835449219e-02 1.052546501159667969e-02
4.887294769287109375e-02 9.774446487426757812e-03
4.772710800170898438e-02 9.763717651367187500e-03
4.692983627319335938e-02 9.491443634033203125e-03
4.696965217590332031e-02 9.518623352050781250e-03
4.706120491027832031e-02 9.434461593627929688e-03
4.732060432434082031e-02 9.601116180419921875e-03
4.691958427429199219e-02 9.585857391357421875e-03
6.545829772949218750e-02 9.506225585937500000e-03
4.706120491027832031e-02 9.534358978271484375e-03
6.563568115234375000e-02 9.485721588134765625e-03
4.727482795715332031e-02 9.429931640625000000e-03
4.672098159790039062e-02 9.400129318237304688e-03
4.720520973205566406e-02 9.520530700683593750e-03
4.626655578613281250e-02 9.270429611206054688e-03
4.601669311523437500e-02 9.305953979492187500e-03
6.396532058715820312e-02 9.332418441772460938e-03
4.623413085937500000e-02 9.237766265869140625e-03
4.725742340087890625e-02 9.579420089721679688e-03
4.542875289916992188e-02 9.331941604614257812e-03
4.653477668762207031e-02 9.350061416625976562e-03
4.724955558776855469e-02 9.463310241699218750e-03
4.638075828552246094e-02 9.334802627563476562e-03
4.749274253845214844e-02 9.476423263549804688e-03
4.651808738708496094e-02 9.291648864746093750e-03
4.733133316040039062e-02 9.485721588134765625e-03
4.649376869201660156e-02 9.312391281127929688e-03
4.600715637207031250e-02 9.320735931396484375e-03
4.474282264709472656e-02 9.352445602416992188e-03
4.580616950988769531e-02 9.449005126953125000e-03
4.590964317321777344e-02 9.325027465820312500e-03
4.635024070739746094e-02 9.337663650512695312e-03
4.690957069396972656e-02 9.492874145507812500e-03
4.697871208190917969e-02 9.544849395751953125e-03
4.647421836853027344e-02 9.294271469116210938e-03
4.654264450073242188e-02 9.357929229736328125e-03
4.529786109924316406e-02 9.428262710571289062e-03
4.625844955444335938e-02 9.358882904052734375e-03
4.980111122131347656e-02 1.052331924438476562e-02
4.924178123474121094e-02 9.872674942016601562e-03
4.817080497741699219e-02 9.447574615478515625e-03
4.770064353942871094e-02 9.636163711547851562e-03
4.689311981201171875e-02 9.447336196899414062e-03
4.635214805603027344e-02 9.365558624267578125e-03
4.742288589477539062e-02 9.468793869018554688e-03
4.662895202636718750e-02 9.304523468017578125e-03
4.635667800903320312e-02 9.428024291992187500e-03
4.667210578918457031e-02 9.352684020996093750e-03
4.573321342468261719e-02 9.274482727050781250e-03
4.561829566955566406e-02 9.335041046142578125e-03
4.617190361022949219e-02 9.345531463623046875e-03
4.632973670959472656e-02 9.359121322631835938e-03
4.574966430664062500e-02 9.362697601318359375e-03
4.700684547424316406e-02 9.471178054809570312e-03
4.668879508972167969e-02 9.377956390380859375e-03
4.661130905151367188e-02 9.454488754272460938e-03
4.645228385925292969e-02 9.290695190429687500e-03
4.678010940551757812e-02 9.499073028564453125e-03
4.760742187500000000e-02 9.414196014404296875e-03
4.632234573364257812e-02 9.321451187133789062e-03
4.586696624755859375e-02 9.455919265747070312e-03
4.633164405822753906e-02 9.359359741210937500e-03
4.635381698608398438e-02 9.275436401367187500e-03
4.637002944946289062e-02 9.299039840698242188e-03
4.552865028381347656e-02 9.397268295288085938e-03
4.646158218383789062e-02 9.365081787109375000e-03
4.609608650207519531e-02 9.306430816650390625e-03
4.626083374023437500e-02 9.272098541259765625e-03
