7.515048980712890625e-02 1.133370399475097656e-02
7.432484626770019531e-02 5.258512496948242188e-02
7.329463958740234375e-02 1.026225090026855469e-02
7.201051712036132812e-02 1.016569137573242188e-02
7.275938987731933594e-02 1.037430763244628906e-02
8.863162994384765625e-02 1.026010513305664062e-02
7.290482521057128906e-02 1.026988029479980469e-02
7.284188270568847656e-02 1.019668579101562500e-02
7.164978981018066406e-02 1.022386550903320312e-02
7.292056083679199219e-02 1.028203964233398438e-02
7.130193710327148438e-02 1.010012626647949219e-02
7.144761085510253906e-02 1.015949249267578125e-02
7.264089584350585938e-02 1.032662391662597656e-02
7.264757156372070312e-02 1.022887229919433594e-02
7.158422470092773438e-02 1.021838188171386719e-02
7.266736030578613281e-02 1.029419898986816406e-02
7.169842720031738281e-02 1.020622253417968750e-02
7.284927368164062500e-02 1.026010513305664062e-02
7.259821891784667969e-02 1.031708717346191406e-02
7.282042503356933594e-02 1.022148132324218750e-02
7.547283172607421875e-02 1.084423065185546875e-02
7.375836372375488281e-02 1.069378852844238281e-02
7.214021682739257812e-02 1.009988784790039062e-02
7.140779495239257812e-02 1.010775566101074219e-02
7.105278968811035156e-02 1.020026206970214844e-02
7.263326644897460938e-02 1.032495498657226562e-02
7.128357887268066406e-02 1.017880439758300781e-02
7.118391990661621094e-02 1.010394096374511719e-02
7.253265380859375000e-02 1.026606559753417969e-02
7.126832008361816406e-02 1.008486747741699219e-02
7.114815711975097656e-02 1.012182235717773438e-02
7.248306274414062500e-02 1.026844978332519531e-02
7.128167152404785156e-02 1.027512550354003906e-02
7.244372367858886719e-02 1.029229164123535156e-02
7.107949256896972656e-02 1.010823249816894531e-02
7.119584083557128906e-02 1.015090942382812500e-02
7.098770141601562500e-02 1.007390022277832031e-02
7.114887237548828125e-02 1.023745536804199219e-02
7.111978530883789062e-02 1.017928123474121094e-02
7.258892059326171875e-02 1.025342941284179688e-02
8.890366554260253906e-02 1.030778884887695312e-02
7.121324539184570312e-02 1.007008552551269531e-02
7.114720344543457031e-02 1.012992858886718750e-02
7.103967666625976562e-02 1.007246971130371094e-02
7.131600379943847656e-02 1.010608673095703125e-02
7.117247581481933594e-02 1.029396057128906250e-02
7.117700576782226562e-02 1.012825965881347656e-02
7.566809654235839844e-02 1.081323623657226562e-02
7.366776466369628906e-02 1.034927368164062500e-02
7.248592376708984375e-02 1.023054122924804688e-02
