5.558133125305175781e-02 1.013731956481933594e-02
5.631828308105468750e-02 1.372194290161132812e-02
5.868959426879882812e-02 9.913444519042968750e-03
5.578327178955078125e-02 1.002049446105957031e-02
5.397462844848632812e-02 9.578943252563476562e-03
5.390334129333496094e-02 9.641885757446289062e-03
5.286478996276855469e-02 9.492874145507812500e-03
5.258226394653320312e-02 9.657144546508789062e-03
5.573654174804687500e-02 1.059246063232421875e-02
5.663490295410156250e-02 1.020741462707519531e-02
7.253575325012207031e-02 9.898185729980468750e-03
5.413651466369628906e-02 9.580612182617187500e-03
5.353784561157226562e-02 9.582042694091796875e-03
5.416584014892578125e-02 9.679317474365234375e-03
5.290818214416503906e-02 9.526729583740234375e-03
5.282354354858398438e-02 9.557723999023437500e-03
5.388712882995605469e-02 9.491443634033203125e-03
5.385541915893554688e-02 9.671211242675781250e-03
5.306649208068847656e-02 9.557485580444335938e-03
5.330109596252441406e-02 9.519577026367187500e-03
5.282330513000488281e-02 9.567260742187500000e-03
5.383300781250000000e-02 9.592294692993164062e-03
5.364346504211425781e-02 9.554386138916015625e-03
