9.825372695922851562e-02 1.504898071289062500e-02
9.282493591308593750e-02 1.077651977539062500e-02
9.172940254211425781e-02 1.078128814697265625e-02
9.171438217163085938e-02 1.074028015136718750e-02
9.091329574584960938e-02 1.083302497863769531e-02
9.047150611877441406e-02 1.072478294372558594e-02
9.076070785522460938e-02 1.073956489562988281e-02
9.011197090148925781e-02 1.070928573608398438e-02
9.120202064514160156e-02 1.075243949890136719e-02
9.070110321044921875e-02 1.079773902893066406e-02
9.130620956420898438e-02 1.091694831848144531e-02
8.914566040039062500e-02 1.067972183227539062e-02
8.950376510620117188e-02 1.063680648803710938e-02
9.021782875061035156e-02 1.086616516113281250e-02
8.952307701110839844e-02 1.074051856994628906e-02
8.925175666809082031e-02 1.072549819946289062e-02
9.057068824768066406e-02 1.080417633056640625e-02
9.010958671569824219e-02 1.078653335571289062e-02
9.098100662231445312e-02 1.083517074584960938e-02
9.065508842468261719e-02 1.059246063232421875e-02
9.493494033813476562e-02 1.125097274780273438e-02
9.475636482238769531e-02 1.081013679504394531e-02
9.168601036071777344e-02 1.085400581359863281e-02
9.105134010314941406e-02 1.079297065734863281e-02
9.050107002258300781e-02 1.073741912841796875e-02
9.158015251159667969e-02 1.071691513061523438e-02
9.053063392639160156e-02 1.067614555358886719e-02
9.217596054077148438e-02 1.082849502563476562e-02
9.060430526733398438e-02 1.076483726501464844e-02
9.129071235656738281e-02 1.074194908142089844e-02
8.941054344177246094e-02 1.069450378417968750e-02
8.993315696716308594e-02 1.070165634155273438e-02
9.093999862670898438e-02 1.070141792297363281e-02
9.180378913879394531e-02 1.063179969787597656e-02
8.896970748901367188e-02 1.068615913391113281e-02
9.239625930786132812e-02 1.086592674255371094e-02
9.186053276062011719e-02 1.065874099731445312e-02
9.189176559448242188e-02 1.065635681152343750e-02
9.158396720886230469e-02 1.068091392517089844e-02
9.129905700683593750e-02 1.069903373718261719e-02
9.069633483886718750e-02 1.057481765747070312e-02
9.106755256652832031e-02 1.135015487670898438e-02
9.519195556640625000e-02 1.147007942199707031e-02
9.298825263977050781e-02 1.095485687255859375e-02
9.009385108947753906e-02 1.075482368469238281e-02
9.150195121765136719e-02 1.076793670654296875e-02
9.102892875671386719e-02 1.075601577758789062e-02
9.157991409301757812e-02 1.077175140380859375e-02
8.936786651611328125e-02 1.074624061584472656e-02
9.038090705871582031e-02 1.072955131530761719e-02
9.023761749267578125e-02 1.070284843444824219e-02
8.942437171936035156e-02 1.073122024536132812e-02
9.034943580627441406e-02 1.072692871093750000e-02
9.068107604980468750e-02 1.077938079833984375e-02
9.001946449279785156e-02 1.069068908691406250e-02
1.082315444946289062e-01 1.059150695800781250e-02
8.921122550964355469e-02 1.074457168579101562e-02
9.024477005004882812e-02 1.078033447265625000e-02
8.957433700561523438e-02 1.074314117431640625e-02
8.934855461120605469e-02 1.058721542358398438e-02
8.860969543457031250e-02 1.065826416015625000e-02
8.975100517272949219e-02 1.074695587158203125e-02
8.878946304321289062e-02 1.067590713500976562e-02
9.106922149658203125e-02 1.181268692016601562e-02
9.440231323242187500e-02 1.131463050842285156e-02
9.237885475158691406e-02 1.081252098083496094e-02
8.879351615905761719e-02 1.058268547058105469e-02
