4.731273651123046875e-02 9.950399398803710938e-03
4.673171043395996094e-02 9.845733642578125000e-03
4.714417457580566406e-02 9.776353836059570312e-03
4.675698280334472656e-02 9.346723556518554688e-03
4.762101173400878906e-02 9.403944015502929688e-03
4.730701446533203125e-02 9.797096252441406250e-03
4.697179794311523438e-02 5.113220214843750000e-02
4.730033874511718750e-02 9.376049041748046875e-03
4.680180549621582031e-02 9.345293045043945312e-03
4.619336128234863281e-02 9.334564208984375000e-03
4.838871955871582031e-02 1.052284240722656250e-02
4.747653007507324219e-02 9.850740432739257812e-03
4.716229438781738281e-02 9.692907333374023438e-03
4.656171798706054688e-02 9.345054626464843750e-03
4.579257965087890625e-02 9.306669235229492188e-03
