3.098416328430175781e-02 2.982378005981445312e-03
3.078699111938476562e-02 3.042936325073242188e-03
4.814386367797851562e-02 2.877950668334960938e-03
4.814529418945312500e-02 2.868413925170898438e-03
3.073430061340332031e-02 2.996921539306640625e-03
3.013443946838378906e-02 2.857923507690429688e-03
3.012418746948242188e-02 2.856492996215820312e-03
3.006052970886230469e-02 2.850055694580078125e-03
3.010368347167968750e-02 2.868652343750000000e-03
3.009653091430664062e-02 2.872228622436523438e-03
3.010749816894531250e-02 2.862691879272460938e-03
3.006482124328613281e-02 2.850055694580078125e-03
3.005456924438476562e-02 2.857446670532226562e-03
3.011918067932128906e-02 2.872943878173828125e-03
