1.174108982086181641e-01 1.572728157043457031e-02
1.101844310760498047e-01 1.109957695007324219e-02
1.051828861236572266e-01 1.118946075439453125e-02
1.040465831756591797e-01 1.126217842102050781e-02
1.051568984985351562e-01 1.116371154785156250e-02
1.049246788024902344e-01 1.107358932495117188e-02
1.034495830535888672e-01 1.115107536315917969e-02
1.037273406982421875e-01 1.110911369323730469e-02
1.038372516632080078e-01 1.133799552917480469e-02
1.044027805328369141e-01 1.114583015441894531e-02
1.046695709228515625e-01 1.117563247680664062e-02
1.046156883239746094e-01 1.108026504516601562e-02
1.038715839385986328e-01 1.113533973693847656e-02
1.048183441162109375e-01 1.109337806701660156e-02
1.031823158264160156e-01 1.102995872497558594e-02
1.038861274719238281e-01 1.113581657409667969e-02
1.047925949096679688e-01 1.108717918395996094e-02
1.035208702087402344e-01 1.109933853149414062e-02
