1.240515708923339844e-02 2.496004104614257812e-03
1.268506050109863281e-02 2.489089965820312500e-03
1.262426376342773438e-02 2.499341964721679688e-03
1.202583312988281250e-02 2.412319183349609375e-03
1.267766952514648438e-02 2.505302429199218750e-03
1.217985153198242188e-02 2.398252487182617188e-03
1.245188713073730469e-02 2.552986145019531250e-03
1.250791549682617188e-02 2.502441406250000000e-03
1.193404197692871094e-02 2.383232116699218750e-03
1.197886466979980469e-02 2.359390258789062500e-03
1.219153404235839844e-02 2.426147460937500000e-03
1.189613342285156250e-02 2.341032028198242188e-03
1.204776763916015625e-02 2.386569976806640625e-03
1.208448410034179688e-02 2.383470535278320312e-03
1.207661628723144531e-02 2.315044403076171875e-03
1.211404800415039062e-02 2.408027648925781250e-03
1.220965385437011719e-02 2.372503280639648438e-03
