3.813099861145019531e-02 3.071546554565429688e-03
3.807592391967773438e-02 3.160715103149414062e-03
3.807878494262695312e-02 3.129720687866210938e-03
3.808140754699707031e-02 3.192663192749023438e-03
3.771662712097167969e-02 3.056287765502929688e-03
3.740668296813964844e-02 3.079891204833984375e-03
3.736257553100585938e-02 3.052473068237304688e-03
5.398178100585937500e-02 3.041982650756835938e-03
3.734517097473144531e-02 3.026485443115234375e-03
3.752422332763671875e-02 3.037452697753906250e-03
3.744435310363769531e-02 3.063678741455078125e-03
3.747725486755371094e-02 3.035545349121093750e-03
3.743672370910644531e-02 3.038883209228515625e-03
3.737831115722656250e-02 3.004789352416992188e-03
3.743863105773925781e-02 3.033638000488281250e-03
3.732466697692871094e-02 3.062486648559570312e-03
3.739261627197265625e-02 3.037452697753906250e-03
