1.725578308105468750e-02 2.624034881591796875e-03
1.725840568542480469e-02 2.630233764648437500e-03
1.705265045166015625e-02 2.606153488159179688e-03
6.791448593139648438e-02 4.401922225952148438e-03
1.971793174743652344e-02 2.610445022583007812e-03
1.727890968322753906e-02 2.562284469604492188e-03
1.659727096557617188e-02 2.530574798583984375e-03
1.655125617980957031e-02 2.475976943969726562e-03
1.716899871826171875e-02 2.638578414916992188e-03
1.659369468688964844e-02 2.590417861938476562e-03
1.726222038269042969e-02 2.571344375610351562e-03
1.717710494995117188e-02 2.656698226928710938e-03
1.652050018310546875e-02 2.477645874023437500e-03
1.659202575683593750e-02 2.489089965820312500e-03
1.682281494140625000e-02 2.504825592041015625e-03
1.654005050659179688e-02 2.540111541748046875e-03
1.645565032958984375e-02 2.618074417114257812e-03
1.665759086608886719e-02 2.517938613891601562e-03
1.660132408142089844e-02 2.506256103515625000e-03
1.669096946716308594e-02 2.546548843383789062e-03
1.643037796020507812e-02 2.492189407348632812e-03
1.653122901916503906e-02 2.517938613891601562e-03
