2.348160743713378906e-02 2.688646316528320312e-03
2.315258979797363281e-02 2.655744552612304688e-03
2.304649353027343750e-02 2.647638320922851562e-03
5.461001396179199219e-02 3.214120864868164062e-03
2.376055717468261719e-02 2.660274505615234375e-03
2.311253547668457031e-02 2.636909484863281250e-03
2.307772636413574219e-02 2.646207809448242188e-03
2.378034591674804688e-02 2.734184265136718750e-03
2.339577674865722656e-02 2.774477005004882812e-03
2.372384071350097656e-02 2.776622772216796875e-03
2.331256866455078125e-02 2.700090408325195312e-03
2.307462692260742188e-02 2.656698226928710938e-03
2.318191528320312500e-02 2.629518508911132812e-03
2.346992492675781250e-02 2.717733383178710938e-03
2.359700202941894531e-02 2.727985382080078125e-03
2.339982986450195312e-02 2.771854400634765625e-03
2.270483970642089844e-02 2.650737762451171875e-03
2.299427986145019531e-02 2.674818038940429688e-03
2.324175834655761719e-02 2.678632736206054688e-03
2.314925193786621094e-02 2.727508544921875000e-03
2.388024330139160156e-02 2.739429473876953125e-03
2.288269996643066406e-02 2.660512924194335938e-03
2.306008338928222656e-02 2.729415893554687500e-03
2.305603027343750000e-02 2.636194229125976562e-03
2.328205108642578125e-02 2.736091613769531250e-03
2.298831939697265625e-02 2.630472183227539062e-03
2.311944961547851562e-02 2.645015716552734375e-03
2.300906181335449219e-02 2.617597579956054688e-03
2.309489250183105469e-02 2.643823623657226562e-03
2.314519882202148438e-02 2.643346786499023438e-03
2.280378341674804688e-02 2.639532089233398438e-03
2.332401275634765625e-02 2.626419067382812500e-03
2.313017845153808594e-02 2.643585205078125000e-03
2.295851707458496094e-02 2.627849578857421875e-03
