1.405835151672363281e-02 2.480506896972656250e-03
1.355981826782226562e-02 2.408742904663085938e-03
1.448440551757812500e-02 2.554416656494140625e-03
3.997611999511718750e-02 3.726482391357421875e-03
1.613187789916992188e-02 2.511262893676757812e-03
1.448202133178710938e-02 2.546310424804687500e-03
1.400113105773925781e-02 2.464771270751953125e-03
1.441836357116699219e-02 2.514839172363281250e-03
1.386737823486328125e-02 2.449512481689453125e-03
1.365089416503906250e-02 2.463340759277343750e-03
1.380681991577148438e-02 2.412080764770507812e-03
1.367616653442382812e-02 2.432823181152343750e-03
1.357364654541015625e-02 2.415657043457031250e-03
1.423001289367675781e-02 2.501010894775390625e-03
1.380777359008789062e-02 2.436399459838867188e-03
1.409053802490234375e-02 2.419948577880859375e-03
1.381111145019531250e-02 2.423763275146484375e-03
1.348471641540527344e-02 2.421855926513671875e-03
1.334667205810546875e-02 2.416610717773437500e-03
1.356792449951171875e-02 2.455711364746093750e-03
1.375460624694824219e-02 2.421855926513671875e-03
1.339697837829589844e-02 2.419948577880859375e-03
1.364517211914062500e-02 2.426862716674804688e-03
1.339149475097656250e-02 2.420425415039062500e-03
1.351213455200195312e-02 2.421379089355468750e-03
1.361513137817382812e-02 2.455949783325195312e-03
1.334500312805175781e-02 2.429485321044921875e-03
1.371335983276367188e-02 2.415180206298828125e-03
1.348209381103515625e-02 2.411842346191406250e-03
1.333689689636230469e-02 2.423524856567382812e-03
