6.230425834655761719e-02 1.042008399963378906e-02
6.176805496215820312e-02 1.035141944885253906e-02
6.139779090881347656e-02 1.001954078674316406e-02
6.070137023925781250e-02 9.907245635986328125e-03
6.070733070373535156e-02 9.977340698242187500e-03
6.088972091674804688e-02 9.902238845825195312e-03
6.048536300659179688e-02 9.919881820678710938e-03
6.056880950927734375e-02 1.003050804138183594e-02
6.080102920532226562e-02 9.901285171508789062e-03
6.539845466613769531e-02 1.049280166625976562e-02
8.017730712890625000e-02 1.021599769592285156e-02
6.142139434814453125e-02 4.927492141723632812e-02
5.978012084960937500e-02 9.960889816284179688e-03
7.669687271118164062e-02 9.919404983520507812e-03
6.080675125122070312e-02 9.981155395507812500e-03
6.067299842834472656e-02 9.949922561645507812e-03
6.095552444458007812e-02 1.007127761840820312e-02
5.914568901062011719e-02 9.889364242553710938e-03
5.972814559936523438e-02 9.946584701538085938e-03
5.960679054260253906e-02 9.917020797729492188e-03
6.061482429504394531e-02 1.000213623046875000e-02
5.940365791320800781e-02 9.889364242553710938e-03
6.072068214416503906e-02 9.924411773681640625e-03
5.934810638427734375e-02 9.892940521240234375e-03
5.900311470031738281e-02 9.877204895019531250e-03
5.920386314392089844e-02 9.851217269897460938e-03
6.059026718139648438e-02 1.002073287963867188e-02
5.926370620727539062e-02 9.810924530029296875e-03
5.908131599426269531e-02 9.974002838134765625e-03
6.064295768737792969e-02 9.973049163818359375e-03
6.214904785156250000e-02 9.822130203247070312e-03
6.222915649414062500e-02 9.850263595581054688e-03
6.206631660461425781e-02 9.851217269897460938e-03
6.343936920166015625e-02 9.927988052368164062e-03
6.204891204833984375e-02 9.880304336547851562e-03
6.377363204956054688e-02 1.001381874084472656e-02
6.184053421020507812e-02 9.821653366088867188e-03
6.309556961059570312e-02 1.000046730041503906e-02
6.476569175720214844e-02 1.011729240417480469e-02
6.909108161926269531e-02 1.044607162475585938e-02
6.749415397644042969e-02 1.048088073730468750e-02
6.601142883300781250e-02 1.010203361511230469e-02
6.497693061828613281e-02 9.988069534301757812e-03
6.611180305480957031e-02 1.016521453857421875e-02
6.529402732849121094e-02 1.012372970581054688e-02
6.617045402526855469e-02 1.032853126525878906e-02
6.502008438110351562e-02 1.003122329711914062e-02
6.612348556518554688e-02 1.019096374511718750e-02
6.494665145874023438e-02 9.986162185668945312e-03
6.606554985046386719e-02 1.009464263916015625e-02
6.500506401062011719e-02 1.007843017578125000e-02
6.485581398010253906e-02 9.998559951782226562e-03
6.504511833190917969e-02 1.001000404357910156e-02
6.622004508972167969e-02 1.011967658996582031e-02
6.506705284118652344e-02 1.007747650146484375e-02
6.503987312316894531e-02 1.013207435607910156e-02
6.499671936035156250e-02 1.004767417907714844e-02
6.501507759094238281e-02 1.004004478454589844e-02
6.500864028930664062e-02 1.001501083374023438e-02
6.617498397827148438e-02 1.010775566101074219e-02
6.499528884887695312e-02 1.004505157470703125e-02
6.497383117675781250e-02 1.010584831237792969e-02
6.504559516906738281e-02 1.001214981079101562e-02
6.487274169921875000e-02 9.989976882934570312e-03
6.510972976684570312e-02 1.005196571350097656e-02
6.517219543457031250e-02 1.002120971679687500e-02
6.504130363464355469e-02 1.021862030029296875e-02
6.542134284973144531e-02 1.007199287414550781e-02
6.737017631530761719e-02 1.111865043640136719e-02
