7.513427734375000000e-02 1.120567321777343750e-02
7.492494583129882812e-02 1.065444946289062500e-02
7.242155075073242188e-02 1.031279563903808594e-02
7.189846038818359375e-02 1.013255119323730469e-02
7.170939445495605469e-02 1.014018058776855469e-02
7.158064842224121094e-02 1.024889945983886719e-02
7.141995429992675781e-02 1.008224487304687500e-02
7.291078567504882812e-02 1.047182083129882812e-02
7.120466232299804688e-02 1.019620895385742188e-02
7.171463966369628906e-02 1.008009910583496094e-02
7.266139984130859375e-02 1.024889945983886719e-02
8.812952041625976562e-02 1.018357276916503906e-02
7.258558273315429688e-02 1.027822494506835938e-02
7.144761085510253906e-02 1.008629798889160156e-02
7.154870033264160156e-02 1.011943817138671875e-02
7.130599021911621094e-02 1.016283035278320312e-02
7.111692428588867188e-02 1.013970375061035156e-02
7.400822639465332031e-02 1.111245155334472656e-02
7.488799095153808594e-02 1.058459281921386719e-02
7.238173484802246094e-02 1.030039787292480469e-02
7.156229019165039062e-02 1.006007194519042969e-02
7.108831405639648438e-02 1.025581359863281250e-02
