2.353405952453613281e-02 2.715349197387695312e-03
2.352881431579589844e-02 2.801418304443359375e-03
2.300024032592773438e-02 2.676963806152343750e-03
2.325177192687988281e-02 2.651453018188476562e-03
2.392745018005371094e-02 2.756834030151367188e-03
2.305173873901367188e-02 2.713918685913085938e-03
2.364444732666015625e-02 2.792835235595703125e-03
2.298069000244140625e-02 2.554416656494140625e-03
2.344679832458496094e-02 2.594947814941406250e-03
2.310347557067871094e-02 2.560615539550781250e-03
2.316188812255859375e-02 2.652883529663085938e-03
2.301144599914550781e-02 2.570152282714843750e-03
2.331781387329101562e-02 2.573490142822265625e-03
2.294111251831054688e-02 2.567529678344726562e-03
2.315449714660644531e-02 2.658605575561523438e-03
2.309465408325195312e-02 2.665996551513671875e-03
