2.353763580322265625e-02 2.714157104492187500e-03
2.372813224792480469e-02 2.728462219238281250e-03
2.359747886657714844e-02 2.744913101196289062e-03
2.304649353027343750e-02 2.691984176635742188e-03
2.395153045654296875e-02 2.802848815917968750e-03
2.390813827514648438e-02 2.803325653076171875e-03
2.323269844055175781e-02 2.671480178833007812e-03
4.102754592895507812e-02 3.005504608154296875e-03
2.433753013610839844e-02 2.769947052001953125e-03
2.308487892150878906e-02 2.714157104492187500e-03
2.373647689819335938e-02 2.766847610473632812e-03
2.354359626770019531e-02 2.713441848754882812e-03
2.303409576416015625e-02 2.582550048828125000e-03
2.319669723510742188e-02 2.638101577758789062e-03
2.295231819152832031e-02 2.629518508911132812e-03
2.317595481872558594e-02 2.681970596313476562e-03
2.307200431823730469e-02 2.622127532958984375e-03
2.311348915100097656e-02 2.596139907836914062e-03
2.308988571166992188e-02 2.673387527465820312e-03
2.296829223632812500e-02 2.581834793090820312e-03
