1.164977550506591797e-01 1.562452316284179688e-02
1.110022068023681641e-01 1.146864891052246094e-02
1.065039634704589844e-01 1.117372512817382812e-02
1.076238155364990234e-01 1.123309135437011719e-02
1.076760292053222656e-01 1.121139526367187500e-02
1.048648357391357422e-01 1.109766960144042969e-02
1.071844100952148438e-01 1.120042800903320312e-02
1.050667762756347656e-01 1.117277145385742188e-02
1.230239868164062500e-01 1.108264923095703125e-02
1.132462024688720703e-01 1.173877716064453125e-02
1.064951419830322266e-01 1.129531860351562500e-02
1.050448417663574219e-01 1.118350028991699219e-02
1.041271686553955078e-01 1.104402542114257812e-02
1.050131320953369141e-01 1.122140884399414062e-02
1.042633056640625000e-01 1.115298271179199219e-02
1.052176952362060547e-01 1.113677024841308594e-02
1.035385131835937500e-01 1.102137565612792969e-02
1.037147045135498047e-01 1.111125946044921875e-02
1.036911010742187500e-01 1.108360290527343750e-02
1.041018962860107422e-01 1.131391525268554688e-02
1.044983863830566406e-01 1.112794876098632812e-02
1.038675308227539062e-01 1.101803779602050781e-02
1.038310527801513672e-01 1.110267639160156250e-02
1.046693325042724609e-01 1.118302345275878906e-02
1.035897731781005859e-01 1.109051704406738281e-02
1.032905578613281250e-01 1.110744476318359375e-02
1.035313606262207031e-01 1.119232177734375000e-02
1.035966873168945312e-01 1.111364364624023438e-02
1.091456413269042969e-01 1.159000396728515625e-02
1.050140857696533203e-01 1.110458374023437500e-02
1.214401721954345703e-01 1.103305816650390625e-02
1.050863265991210938e-01 1.102972030639648438e-02
1.223044395446777344e-01 1.110792160034179688e-02
1.038491725921630859e-01 1.102089881896972656e-02
1.034235954284667969e-01 1.108717918395996094e-02
1.024022102355957031e-01 1.104092597961425781e-02
1.036586761474609375e-01 1.106452941894531250e-02
1.036498546600341797e-01 1.099228858947753906e-02
1.035666465759277344e-01 1.107168197631835938e-02
1.034877300262451172e-01 1.103734970092773438e-02
1.038024425506591797e-01 1.115560531616210938e-02
1.042537689208984375e-01 1.106739044189453125e-02
