1.055214405059814453e-01 1.171064376831054688e-02
1.104423999786376953e-01 1.104259490966796875e-02
1.038882732391357422e-01 1.102304458618164062e-02
1.046400070190429688e-01 1.137685775756835938e-02
1.046767234802246094e-01 1.118421554565429688e-02
1.042435169219970703e-01 1.110744476318359375e-02
1.042623519897460938e-01 1.131415367126464844e-02
1.038379669189453125e-01 1.105165481567382812e-02
1.053245067596435547e-01 1.114773750305175781e-02
1.035871505737304688e-01 1.109838485717773438e-02
1.048157215118408203e-01 1.114344596862792969e-02
1.066043376922607422e-01 1.175951957702636719e-02
1.068654060363769531e-01 1.147437095642089844e-02
1.045794486999511719e-01 1.108837127685546875e-02
1.033499240875244141e-01 1.107382774353027344e-02
1.048576831817626953e-01 1.111221313476562500e-02
1.051177978515625000e-01 1.121973991394042969e-02
1.034450531005859375e-01 1.111221313476562500e-02
1.038224697113037109e-01 1.115703582763671875e-02
1.032655239105224609e-01 1.114201545715332031e-02
1.047646999359130859e-01 1.114010810852050781e-02
1.045472621917724609e-01 1.117825508117675781e-02
1.043281555175781250e-01 1.116728782653808594e-02
1.042990684509277344e-01 1.100111007690429688e-02
1.040956974029541016e-01 1.117920875549316406e-02
1.034593582153320312e-01 1.103687286376953125e-02
1.036643981933593750e-01 1.100778579711914062e-02
1.041083335876464844e-01 1.125311851501464844e-02
1.039614677429199219e-01 1.127696037292480469e-02
1.038093566894531250e-01 1.106810569763183594e-02
1.077995300292968750e-01 1.237893104553222656e-02
1.078374385833740234e-01 1.156735420227050781e-02
1.041545867919921875e-01 1.145792007446289062e-02
1.045730113983154297e-01 1.102232933044433594e-02
1.034719944000244141e-01 1.117181777954101562e-02
1.034886837005615234e-01 1.099848747253417969e-02
1.037714481353759766e-01 1.097106933593750000e-02
1.041522026062011719e-01 1.135087013244628906e-02
1.043930053710937500e-01 1.114487648010253906e-02
1.034951210021972656e-01 1.100349426269531250e-02
1.036014556884765625e-01 1.104474067687988281e-02
1.032993793487548828e-01 1.106071472167968750e-02
1.037063598632812500e-01 1.102972030639648438e-02
1.039111614227294922e-01 1.104116439819335938e-02
1.035513877868652344e-01 1.102828979492187500e-02
1.036119461059570312e-01 1.113295555114746094e-02
1.045947074890136719e-01 1.102447509765625000e-02
1.038405895233154297e-01 1.110267639160156250e-02
