4.409813880920410156e-02 2.892971038818359375e-03
2.834677696228027344e-02 2.875089645385742188e-03
6.345057487487792969e-02 3.096342086791992188e-03
5.119514465332031250e-02 2.993345260620117188e-03
2.765798568725585938e-02 2.769708633422851562e-03
2.709913253784179688e-02 2.772808074951171875e-03
2.752065658569335938e-02 2.770662307739257812e-03
2.726292610168457031e-02 2.770662307739257812e-03
2.797627449035644531e-02 2.861261367797851562e-03
2.723264694213867188e-02 2.775669097900390625e-03
2.772092819213867188e-02 2.868890762329101562e-03
2.699875831604003906e-02 2.788543701171875000e-03
2.777075767517089844e-02 2.777099609375000000e-03
2.724552154541015625e-02 2.779006958007812500e-03
2.743506431579589844e-02 2.777099609375000000e-03
2.695775032043457031e-02 2.761125564575195312e-03
2.806830406188964844e-02 2.862215042114257812e-03
4.492211341857910156e-02 2.908706665039062500e-03
2.797889709472656250e-02 2.903938293457031250e-03
4.478216171264648438e-02 2.875566482543945312e-03
2.907395362854003906e-02 3.152847290039062500e-03
2.887344360351562500e-02 3.009796142578125000e-03
2.819752693176269531e-02 2.950906753540039062e-03
2.834963798522949219e-02 2.886056900024414062e-03
2.878499031066894531e-02 2.918720245361328125e-03
2.725863456726074219e-02 2.820968627929687500e-03
2.822947502136230469e-02 2.918243408203125000e-03
2.775812149047851562e-02 2.830028533935546875e-03
2.818870544433593750e-02 2.887964248657226562e-03
2.753305435180664062e-02 2.783775329589843750e-03
2.781772613525390625e-02 2.870559692382812500e-03
2.708220481872558594e-02 2.754926681518554688e-03
2.752947807312011719e-02 2.903223037719726562e-03
2.684736251831054688e-02 2.781152725219726562e-03
2.786397933959960938e-02 2.885818481445312500e-03
2.761602401733398438e-02 2.780914306640625000e-03
2.711224555969238281e-02 2.769470214843750000e-03
2.801632881164550781e-02 2.910614013671875000e-03
2.671575546264648438e-02 2.799034118652343750e-03
2.739357948303222656e-02 2.865552902221679688e-03
2.735948562622070312e-02 2.808094024658203125e-03
2.704048156738281250e-02 2.769470214843750000e-03
2.748560905456542969e-02 2.780914306640625000e-03
2.662181854248046875e-02 2.782583236694335938e-03
2.666354179382324219e-02 2.769947052001953125e-03
2.643680572509765625e-02 2.768278121948242188e-03
2.657771110534667969e-02 2.767562866210937500e-03
2.677607536315917969e-02 2.761602401733398438e-03
2.751708030700683594e-02 2.759218215942382812e-03
4.707980155944824219e-02 3.003120422363281250e-03
2.754282951354980469e-02 2.774238586425781250e-03
2.707982063293457031e-02 2.763509750366210938e-03
2.756714820861816406e-02 2.787590026855468750e-03
2.760481834411621094e-02 2.774000167846679688e-03
2.723240852355957031e-02 2.768516540527343750e-03
2.754545211791992188e-02 2.820730209350585938e-03
2.735257148742675781e-02 2.784252166748046875e-03
2.717065811157226562e-02 2.816677093505859375e-03
2.747178077697753906e-02 2.779722213745117188e-03
2.722144126892089844e-02 2.858877182006835938e-03
2.742385864257812500e-02 2.770423889160156250e-03
2.759456634521484375e-02 2.787590026855468750e-03
2.747130393981933594e-02 2.795219421386718750e-03
2.743935585021972656e-02 2.776861190795898438e-03
2.806806564331054688e-02 2.907991409301757812e-03
2.685832977294921875e-02 2.759218215942382812e-03
2.646708488464355469e-02 2.768993377685546875e-03
2.659296989440917969e-02 2.774477005004882812e-03
2.656078338623046875e-02 2.763748168945312500e-03
2.657985687255859375e-02 2.759695053100585938e-03
2.649378776550292969e-02 2.778768539428710938e-03
2.663159370422363281e-02 2.766847610473632812e-03
2.657890319824218750e-02 2.778291702270507812e-03
2.731800079345703125e-02 2.874374389648437500e-03
2.660179138183593750e-02 2.759456634521484375e-03
2.788710594177246094e-02 2.903699874877929688e-03
2.734756469726562500e-02 2.764225006103515625e-03
2.649188041687011719e-02 2.767562866210937500e-03
2.648758888244628906e-02 2.761125564575195312e-03
2.647590637207031250e-02 2.760410308837890625e-03
4.454445838928222656e-02 2.893209457397460938e-03
2.755618095397949219e-02 2.762556076049804688e-03
2.809524536132812500e-02 2.955675125122070312e-03
2.794384956359863281e-02 2.760410308837890625e-03
2.685093879699707031e-02 2.754449844360351562e-03
2.761220932006835938e-02 2.772092819213867188e-03
2.668190002441406250e-02 2.759218215942382812e-03
2.736258506774902344e-02 2.782821655273437500e-03
2.719640731811523438e-02 2.752304077148437500e-03
2.756333351135253906e-02 2.778053283691406250e-03
2.667021751403808594e-02 2.776384353637695312e-03
2.986335754394531250e-02 3.077268600463867188e-03
