1.472735404968261719e-02 2.564907073974609375e-03
4.280424118041992188e-02 3.908157348632812500e-03
1.701211929321289062e-02 2.574682235717773438e-03
2.869844436645507812e-02 2.500772476196289062e-03
1.509976387023925781e-02 2.625703811645507812e-03
1.443862915039062500e-02 2.514600753784179688e-03
1.443839073181152344e-02 2.470016479492187500e-03
1.458954811096191406e-02 2.452611923217773438e-03
1.507210731506347656e-02 2.515554428100585938e-03
1.507806777954101562e-02 2.592563629150390625e-03
1.439905166625976562e-02 2.464771270751953125e-03
1.475715637207031250e-02 2.425432205200195312e-03
1.435875892639160156e-02 2.378940582275390625e-03
1.437282562255859375e-02 2.462625503540039062e-03
1.430368423461914062e-02 2.416610717773437500e-03
1.459217071533203125e-02 2.475023269653320312e-03
1.463007926940917969e-02 2.398490905761718750e-03
1.454663276672363281e-02 2.445936203002929688e-03
1.443099975585937500e-02 2.419233322143554688e-03
