7.068443298339843750e-02 1.073145866394042969e-02
7.022762298583984375e-02 1.063299179077148438e-02
6.863784790039062500e-02 1.011848449707031250e-02
6.811785697937011719e-02 1.025223731994628906e-02
6.919360160827636719e-02 1.026797294616699219e-02
6.746149063110351562e-02 1.006388664245605469e-02
6.896591186523437500e-02 1.110315322875976562e-02
7.295751571655273438e-02 1.073718070983886719e-02
7.039093971252441406e-02 1.043868064880371094e-02
6.824851036071777344e-02 1.009440422058105469e-02
6.799983978271484375e-02 1.007962226867675781e-02
6.737804412841796875e-02 1.001071929931640625e-02
6.807160377502441406e-02 1.029396057128906250e-02
6.769752502441406250e-02 1.003670692443847656e-02
6.765770912170410156e-02 1.024246215820312500e-02
6.789445877075195312e-02 1.002645492553710938e-02
7.088351249694824219e-02 1.010632514953613281e-02
7.143306732177734375e-02 1.017832756042480469e-02
7.140922546386718750e-02 1.008176803588867188e-02
7.160711288452148438e-02 1.011776924133300781e-02
