5.561590194702148438e-02 1.057314872741699219e-02
5.518794059753417969e-02 4.983139038085937500e-02
5.560159683227539062e-02 9.646654129028320312e-03
5.419707298278808594e-02 9.736537933349609375e-03
5.262494087219238281e-02 9.570360183715820312e-03
5.351018905639648438e-02 9.566307067871093750e-03
5.327320098876953125e-02 9.706497192382812500e-03
5.452227592468261719e-02 9.745121002197265625e-03
5.456519126892089844e-02 9.786605834960937500e-03
5.441784858703613281e-02 9.772300720214843750e-03
5.352377891540527344e-02 9.824275970458984375e-03
5.423998832702636719e-02 9.810686111450195312e-03
5.403614044189453125e-02 9.746551513671875000e-03
5.315685272216796875e-02 9.648561477661132812e-03
5.438971519470214844e-02 9.641408920288085938e-03
5.669760704040527344e-02 1.078534126281738281e-02
5.638527870178222656e-02 1.016283035278320312e-02
5.574703216552734375e-02 1.008486747741699219e-02
5.459022521972656250e-02 9.701251983642578125e-03
5.464220046997070312e-02 9.812355041503906250e-03
5.256104469299316406e-02 9.588718414306640625e-03
5.276870727539062500e-02 9.589910507202148438e-03
5.334615707397460938e-02 9.643316268920898438e-03
5.264687538146972656e-02 9.528160095214843750e-03
5.329227447509765625e-02 9.532451629638671875e-03
5.324578285217285156e-02 9.551048278808593750e-03
5.292940139770507812e-02 9.581089019775390625e-03
5.289578437805175781e-02 9.537220001220703125e-03
5.390739440917968750e-02 9.609222412109375000e-03
7.344555854797363281e-02 9.641170501708984375e-03
5.270862579345703125e-02 9.502410888671875000e-03
5.404829978942871094e-02 9.877443313598632812e-03
5.330896377563476562e-02 9.620428085327148438e-03
5.318951606750488281e-02 9.522676467895507812e-03
5.397629737854003906e-02 9.706020355224609375e-03
5.490112304687500000e-02 9.761810302734375000e-03
5.371379852294921875e-02 9.607553482055664062e-03
5.341792106628417969e-02 9.603023529052734375e-03
5.256199836730957031e-02 9.688138961791992188e-03
5.348324775695800781e-02 9.635686874389648438e-03
5.252718925476074219e-02 9.524822235107421875e-03
5.360317230224609375e-02 9.585142135620117188e-03
5.273890495300292969e-02 9.595632553100585938e-03
5.424976348876953125e-02 9.514331817626953125e-03
5.388760566711425781e-02 9.662389755249023438e-03
5.244994163513183594e-02 9.633541107177734375e-03
5.407285690307617188e-02 9.672164916992187500e-03
