7.398819923400878906e-02 1.414871215820312500e-02
7.144832611083984375e-02 1.058864593505859375e-02
6.671905517578125000e-02 9.990453720092773438e-03
6.691718101501464844e-02 1.007413864135742188e-02
6.701612472534179688e-02 1.016449928283691406e-02
6.669807434082031250e-02 1.010465621948242188e-02
6.655144691467285156e-02 1.009917259216308594e-02
6.676411628723144531e-02 1.038098335266113281e-02
6.585121154785156250e-02 5.186104774475097656e-02
6.646823883056640625e-02 1.013255119323730469e-02
6.634879112243652344e-02 1.003956794738769531e-02
6.693387031555175781e-02 1.004290580749511719e-02
6.710934638977050781e-02 1.015853881835937500e-02
6.685447692871093750e-02 1.010894775390625000e-02
6.655931472778320312e-02 1.004385948181152344e-02
6.586647033691406250e-02 9.884834289550781250e-03
6.677913665771484375e-02 1.003122329711914062e-02
6.529211997985839844e-02 9.932994842529296875e-03
6.536340713500976562e-02 1.060605049133300781e-02
6.968021392822265625e-02 1.057147979736328125e-02
6.824588775634765625e-02 1.033234596252441406e-02
6.728363037109375000e-02 1.001906394958496094e-02
6.542253494262695312e-02 9.937286376953125000e-03
6.670331954956054688e-02 1.007032394409179688e-02
6.697607040405273438e-02 1.010727882385253906e-02
6.687903404235839844e-02 1.010274887084960938e-02
6.551623344421386719e-02 9.928464889526367188e-03
6.573939323425292969e-02 9.964704513549804688e-03
6.707882881164550781e-02 1.019334793090820312e-02
6.548643112182617188e-02 9.936809539794921875e-03
6.559038162231445312e-02 9.897232055664062500e-03
6.669688224792480469e-02 1.014113426208496094e-02
6.649732589721679688e-02 1.002001762390136719e-02
6.695842742919921875e-02 1.012396812438964844e-02
6.549596786499023438e-02 1.001381874084472656e-02
6.670260429382324219e-02 1.006317138671875000e-02
6.541156768798828125e-02 9.955644607543945312e-03
6.684231758117675781e-02 1.006937026977539062e-02
6.676983833312988281e-02 1.011300086975097656e-02
6.654977798461914062e-02 1.006603240966796875e-02
6.566643714904785156e-02 1.000642776489257812e-02
6.618881225585937500e-02 9.949445724487304688e-03
8.558154106140136719e-02 1.008939743041992188e-02
6.549811363220214844e-02 9.925127029418945312e-03
6.539344787597656250e-02 9.894132614135742188e-03
6.541419029235839844e-02 9.984254837036132812e-03
6.558036804199218750e-02 9.942293167114257812e-03
6.969237327575683594e-02 1.068425178527832031e-02
6.843614578247070312e-02 1.063656806945800781e-02
6.704783439636230469e-02 9.996891021728515625e-03
6.671762466430664062e-02 1.016449928283691406e-02
6.570529937744140625e-02 9.927511215209960938e-03
6.565046310424804688e-02 9.898900985717773438e-03
6.547284126281738281e-02 1.005220413208007812e-02
6.579637527465820312e-02 9.966611862182617188e-03
6.548237800598144531e-02 9.929895401000976562e-03
6.595396995544433594e-02 9.903907775878906250e-03
6.662988662719726562e-02 9.997367858886718750e-03
6.631302833557128906e-02 1.004457473754882812e-02
6.546163558959960938e-02 9.941339492797851562e-03
6.565785408020019531e-02 9.978771209716796875e-03
6.555628776550292969e-02 9.954214096069335938e-03
6.558227539062500000e-02 9.913206100463867188e-03
6.666374206542968750e-02 1.021051406860351562e-02
8.079504966735839844e-02 1.002764701843261719e-02
6.541991233825683594e-02 1.003742218017578125e-02
8.557772636413574219e-02 1.003265380859375000e-02
6.562042236328125000e-02 9.857654571533203125e-03
6.536889076232910156e-02 9.910345077514648438e-03
6.562852859497070312e-02 1.002693176269531250e-02
6.667327880859375000e-02 1.014947891235351562e-02
6.565594673156738281e-02 9.899139404296875000e-03
6.543159484863281250e-02 1.004242897033691406e-02
6.570219993591308594e-02 9.963035583496093750e-03
6.534218788146972656e-02 1.000118255615234375e-02
6.570386886596679688e-02 1.001167297363281250e-02
7.000780105590820312e-02 1.056838035583496094e-02
6.847310066223144531e-02 1.019620895385742188e-02
6.680965423583984375e-02 1.010942459106445312e-02
6.578922271728515625e-02 1.003503799438476562e-02
