1.158876419067382812e-01 1.546716690063476562e-02
1.138224601745605469e-01 1.170682907104492188e-02
1.086165904998779297e-01 1.143050193786621094e-02
1.053781509399414062e-01 1.140117645263671875e-02
1.223089694976806641e-01 1.126956939697265625e-02
1.047484874725341797e-01 1.112222671508789062e-02
1.050064563751220703e-01 1.113414764404296875e-02
1.232457160949707031e-01 1.124501228332519531e-02
1.036341190338134766e-01 1.117753982543945312e-02
1.050393581390380859e-01 1.112246513366699219e-02
1.037266254425048828e-01 1.111435890197753906e-02
2.116975784301757812e-01 1.122903823852539062e-02
1.054706573486328125e-01 1.116037368774414062e-02
1.049101352691650391e-01 1.110601425170898438e-02
1.050410270690917969e-01 1.102924346923828125e-02
1.043267250061035156e-01 1.118612289428710938e-02
1.058087348937988281e-01 1.131629943847656250e-02
1.112420558929443359e-01 1.161789894104003906e-02
1.082365512847900391e-01 1.134324073791503906e-02
1.046941280364990234e-01 1.114821434020996094e-02
1.046409606933593750e-01 1.112937927246093750e-02
1.036725044250488281e-01 1.102662086486816406e-02
1.048977375030517578e-01 1.107835769653320312e-02
1.046125888824462891e-01 1.111936569213867188e-02
1.049857139587402344e-01 1.103162765502929688e-02
1.039478778839111328e-01 1.100969314575195312e-02
1.036961078643798828e-01 1.108694076538085938e-02
1.047432422637939453e-01 1.108741760253906250e-02
1.048915386199951172e-01 1.097869873046875000e-02
1.039059162139892578e-01 1.114726066589355469e-02
1.044528484344482422e-01 1.105546951293945312e-02
1.037235260009765625e-01 1.110076904296875000e-02
1.039674282073974609e-01 1.107954978942871094e-02
1.044740676879882812e-01 1.107215881347656250e-02
1.036493778228759766e-01 1.101326942443847656e-02
