4.761028289794921875e-02 9.887933731079101562e-03
4.674434661865234375e-02 9.869813919067382812e-03
4.794359207153320312e-02 1.337385177612304688e-02
4.588460922241210938e-02 9.396553039550781250e-03
1.405272483825683594e-01 9.328842163085937500e-03
4.761838912963867188e-02 9.455680847167968750e-03
4.664707183837890625e-02 9.315490722656250000e-03
4.699683189392089844e-02 9.410619735717773438e-03
6.415390968322753906e-02 9.495973587036132812e-03
4.641962051391601562e-02 9.320974349975585938e-03
4.653930664062500000e-02 9.381771087646484375e-03
4.594445228576660156e-02 9.323358535766601562e-03
4.638242721557617188e-02 9.231567382812500000e-03
4.652404785156250000e-02 9.345293045043945312e-03
4.507255554199218750e-02 9.316921234130859375e-03
4.629564285278320312e-02 9.293794631958007812e-03
4.591560363769531250e-02 9.251594543457031250e-03
4.583430290222167969e-02 9.303092956542968750e-03
