1.228952407836914062e-02 2.422332763671875000e-03
1.182436943054199219e-02 2.380132675170898438e-03
1.234579086303710938e-02 2.514362335205078125e-03
1.182317733764648438e-02 2.380609512329101562e-03
3.664517402648925781e-02 3.887176513671875000e-03
1.470088958740234375e-02 2.606153488159179688e-03
1.257634162902832031e-02 2.530097961425781250e-03
1.177406311035156250e-02 2.371549606323242188e-03
1.247501373291015625e-02 2.552509307861328125e-03
1.238512992858886719e-02 2.536058425903320312e-03
1.182794570922851562e-02 2.392530441284179688e-03
1.187777519226074219e-02 2.376317977905273438e-03
1.233458518981933594e-02 2.544879913330078125e-03
1.168298721313476562e-02 2.436876296997070312e-03
1.205444335937500000e-02 2.474546432495117188e-03
1.204180717468261719e-02 2.383947372436523438e-03
1.185750961303710938e-02 2.385616302490234375e-03
3.514099121093750000e-02 3.850460052490234375e-03
1.455736160278320312e-02 2.612590789794921875e-03
1.202893257141113281e-02 2.437114715576171875e-03
1.258587837219238281e-02 2.540349960327148438e-03
1.242780685424804688e-02 2.542734146118164062e-03
1.211094856262207031e-02 2.377510070800781250e-03
2.970981597900390625e-02 3.683328628540039062e-03
1.410102844238281250e-02 2.584934234619140625e-03
1.190328598022460938e-02 2.421855926513671875e-03
3.145718574523925781e-02 3.772020339965820312e-03
1.437830924987792969e-02 2.617120742797851562e-03
1.196980476379394531e-02 2.381086349487304688e-03
1.201629638671875000e-02 2.379894256591796875e-03
1.242089271545410156e-02 2.512693405151367188e-03
3.513264656066894531e-02 3.862619400024414062e-03
1.447677612304687500e-02 2.614974975585937500e-03
1.247882843017578125e-02 2.474308013916015625e-03
1.191616058349609375e-02 2.368211746215820312e-03
1.244926452636718750e-02 2.520084381103515625e-03
1.251959800720214844e-02 2.541780471801757812e-03
1.252460479736328125e-02 2.511739730834960938e-03
1.188111305236816406e-02 2.412080764770507812e-03
1.253080368041992188e-02 2.533435821533203125e-03
1.206517219543457031e-02 2.387762069702148438e-03
1.241326332092285156e-02 2.520084381103515625e-03
1.183629035949707031e-02 2.386331558227539062e-03
1.186633110046386719e-02 2.402544021606445312e-03
1.220822334289550781e-02 2.468109130859375000e-03
1.187944412231445312e-02 2.373933792114257812e-03
1.193976402282714844e-02 2.418279647827148438e-03
1.186323165893554688e-02 2.434492111206054688e-03
1.249694824218750000e-02 2.530813217163085938e-03
1.192474365234375000e-02 2.381086349487304688e-03
1.256418228149414062e-02 2.537012100219726562e-03
1.191639900207519531e-02 2.390861511230468750e-03
1.226878166198730469e-02 2.482891082763671875e-03
1.188945770263671875e-02 2.428531646728515625e-03
1.178121566772460938e-02 2.363443374633789062e-03
1.181459426879882812e-02 2.412557601928710938e-03
1.188659667968750000e-02 2.385854721069335938e-03
1.178908348083496094e-02 2.395153045654296875e-03
1.192688941955566406e-02 2.387285232543945312e-03
1.196002960205078125e-02 2.384901046752929688e-03
1.219725608825683594e-02 2.481460571289062500e-03
1.232814788818359375e-02 2.476692199707031250e-03
1.191711425781250000e-02 2.376079559326171875e-03
1.195383071899414062e-02 2.380609512329101562e-03
1.192307472229003906e-02 2.383470535278320312e-03
1.198697090148925781e-02 2.388000488281250000e-03
1.191258430480957031e-02 2.379179000854492188e-03
1.173019409179687500e-02 2.384662628173828125e-03
1.247096061706542969e-02 2.523899078369140625e-03
1.171207427978515625e-02 2.379655838012695312e-03
1.186132431030273438e-02 2.409219741821289062e-03
1.188492774963378906e-02 2.389907836914062500e-03
1.192641258239746094e-02 2.374649047851562500e-03
1.199197769165039062e-02 2.408266067504882812e-03
1.202249526977539062e-02 2.385854721069335938e-03
1.205897331237792969e-02 2.430200576782226562e-03
1.181125640869140625e-02 2.384901046752929688e-03
1.180195808410644531e-02 2.383708953857421875e-03
