5.168175697326660156e-02 1.362109184265136719e-02
5.084156990051269531e-02 1.354742050170898438e-02
5.127930641174316406e-02 9.757280349731445312e-03
4.831862449645996094e-02 9.854555130004882812e-03
4.800677299499511719e-02 9.576082229614257812e-03
4.773783683776855469e-02 9.560108184814453125e-03
4.714131355285644531e-02 9.484529495239257812e-03
4.727077484130859375e-02 9.450674057006835938e-03
4.712247848510742188e-02 9.598731994628906250e-03
4.739785194396972656e-02 9.462833404541015625e-03
4.725980758666992188e-02 9.460210800170898438e-03
4.628539085388183594e-02 9.483575820922851562e-03
4.744648933410644531e-02 9.486675262451171875e-03
4.678845405578613281e-02 9.367465972900390625e-03
4.745578765869140625e-02 9.542703628540039062e-03
4.967498779296875000e-02 1.039505004882812500e-02
4.883241653442382812e-02 1.004266738891601562e-02
4.816675186157226562e-02 9.643316268920898438e-03
4.789662361145019531e-02 9.695053100585937500e-03
4.690599441528320312e-02 9.404182434082031250e-03
4.655909538269042969e-02 9.447336196899414062e-03
4.686474800109863281e-02 9.344100952148437500e-03
4.729104042053222656e-02 9.557247161865234375e-03
4.695034027099609375e-02 9.535074234008789062e-03
4.774165153503417969e-02 9.522676467895507812e-03
4.740858078002929688e-02 9.650945663452148438e-03
4.747200012207031250e-02 9.455680847167968750e-03
4.754662513732910156e-02 9.577751159667968750e-03
4.770421981811523438e-02 9.650945663452148438e-03
4.806733131408691406e-02 9.673357009887695312e-03
4.712677001953125000e-02 9.524583816528320312e-03
4.753947257995605469e-02 9.442567825317382812e-03
4.709434509277343750e-02 9.482383728027343750e-03
4.643201828002929688e-02 9.379863739013671875e-03
4.717659950256347656e-02 9.441852569580078125e-03
4.788374900817871094e-02 9.473323822021484375e-03
4.751920700073242188e-02 9.497642517089843750e-03
4.714894294738769531e-02 9.387016296386718750e-03
4.764437675476074219e-02 9.500503540039062500e-03
4.730725288391113281e-02 9.450912475585937500e-03
4.702305793762207031e-02 9.412527084350585938e-03
4.692029953002929688e-02 9.411334991455078125e-03
4.714560508728027344e-02 9.479284286499023438e-03
4.691195487976074219e-02 9.399890899658203125e-03
4.694271087646484375e-02 9.486675262451171875e-03
4.699850082397460938e-02 9.390354156494140625e-03
4.770827293395996094e-02 9.629249572753906250e-03
4.800152778625488281e-02 9.558677673339843750e-03
4.695034027099609375e-02 9.577989578247070312e-03
4.718899726867675781e-02 9.500741958618164062e-03
4.770708084106445312e-02 9.582519531250000000e-03
6.544923782348632812e-02 9.470939636230468750e-03
4.737138748168945312e-02 9.363889694213867188e-03
5.052256584167480469e-02 1.005554199218750000e-02
4.969048500061035156e-02 9.886264801025390625e-03
4.848098754882812500e-02 9.795665740966796875e-03
4.850220680236816406e-02 9.487867355346679688e-03
4.713344573974609375e-02 9.380102157592773438e-03
4.773402214050292969e-02 9.673118591308593750e-03
4.644894599914550781e-02 9.398698806762695312e-03
4.671096801757812500e-02 9.414672851562500000e-03
4.709506034851074219e-02 9.416580200195312500e-03
4.722428321838378906e-02 9.401321411132812500e-03
4.669880867004394531e-02 9.457588195800781250e-03
4.694271087646484375e-02 9.463787078857421875e-03
4.780912399291992188e-02 9.463310241699218750e-03
4.607129096984863281e-02 9.449005126953125000e-03
4.723477363586425781e-02 9.440898895263671875e-03
4.675197601318359375e-02 9.361743927001953125e-03
4.721474647521972656e-02 9.418010711669921875e-03
4.815316200256347656e-02 9.543180465698242188e-03
4.764652252197265625e-02 9.386777877807617188e-03
4.623079299926757812e-02 9.451627731323242188e-03
4.700279235839843750e-02 9.368658065795898438e-03
4.774713516235351562e-02 9.682416915893554688e-03
4.709792137145996094e-02 9.427785873413085938e-03
4.739403724670410156e-02 9.361982345581054688e-03
4.692602157592773438e-02 9.425401687622070312e-03
4.607558250427246094e-02 9.418725967407226562e-03
4.773163795471191406e-02 9.536027908325195312e-03
4.707455635070800781e-02 9.541034698486328125e-03
4.690313339233398438e-02 9.478569030761718750e-03
4.810237884521484375e-02 9.648561477661132812e-03
4.832243919372558594e-02 9.589195251464843750e-03
4.781293869018554688e-02 9.598970413208007812e-03
4.722070693969726562e-02 9.374380111694335938e-03
4.686546325683593750e-02 9.427547454833984375e-03
4.709720611572265625e-02 9.527444839477539062e-03
4.808712005615234375e-02 9.574174880981445312e-03
4.691267013549804688e-02 9.390115737915039062e-03
4.710078239440917969e-02 9.395360946655273438e-03
4.699015617370605469e-02 9.392023086547851562e-03
4.959082603454589844e-02 1.019954681396484375e-02
4.929828643798828125e-02 9.894371032714843750e-03
4.733777046203613281e-02 9.471893310546875000e-03
4.733562469482421875e-02 9.493112564086914062e-03
6.441831588745117188e-02 9.432077407836914062e-03
4.743885993957519531e-02 9.364604949951171875e-03
4.725170135498046875e-02 9.619235992431640625e-03
4.617166519165039062e-02 9.473085403442382812e-03
