8.284163475036621094e-02 1.445150375366210938e-02
8.250117301940917969e-02 1.043772697448730469e-02
7.568550109863281250e-02 1.043915748596191406e-02
7.504582405090332031e-02 1.031184196472167969e-02
7.537293434143066406e-02 1.142764091491699219e-02
7.764101028442382812e-02 1.086711883544921875e-02
7.475876808166503906e-02 1.052117347717285156e-02
7.330250740051269531e-02 1.025652885437011719e-02
7.409691810607910156e-02 1.049256324768066406e-02
7.284045219421386719e-02 1.024270057678222656e-02
7.281517982482910156e-02 1.021385192871093750e-02
7.297086715698242188e-02 1.029253005981445312e-02
7.256674766540527344e-02 1.016998291015625000e-02
7.293224334716796875e-02 1.023817062377929688e-02
7.275485992431640625e-02 1.021695137023925781e-02
7.290673255920410156e-02 1.017427444458007812e-02
7.287478446960449219e-02 1.035881042480468750e-02
7.273912429809570312e-02 1.025056838989257812e-02
