3.267192840576171875e-02 2.921104431152343750e-03
3.232932090759277344e-02 2.971172332763671875e-03
3.202676773071289062e-02 2.916812896728515625e-03
4.916095733642578125e-02 2.885103225708007812e-03
3.265857696533203125e-02 2.995252609252929688e-03
3.214669227600097656e-02 2.881526947021484375e-03
3.173613548278808594e-02 2.868175506591796875e-03
3.254342079162597656e-02 2.941608428955078125e-03
3.209590911865234375e-02 2.876281738281250000e-03
3.255653381347656250e-02 2.970457077026367188e-03
3.212475776672363281e-02 2.878427505493164062e-03
3.196477890014648438e-02 2.867937088012695312e-03
3.250861167907714844e-02 2.980709075927734375e-03
3.265190124511718750e-02 2.969980239868164062e-03
3.211617469787597656e-02 2.871274948120117188e-03
3.271770477294921875e-02 2.971172332763671875e-03
5.580759048461914062e-02 2.978086471557617188e-03
3.205251693725585938e-02 2.875804901123046875e-03
3.280448913574218750e-02 2.973794937133789062e-03
3.266835212707519531e-02 2.968311309814453125e-03
3.289699554443359375e-02 3.346681594848632812e-03
3.449726104736328125e-02 3.205299377441406250e-03
3.302788734436035156e-02 3.016233444213867188e-03
3.274679183959960938e-02 2.986907958984375000e-03
3.284835815429687500e-02 3.000020980834960938e-03
3.272366523742675781e-02 2.982616424560546875e-03
3.288459777832031250e-02 3.003120422363281250e-03
3.275179862976074219e-02 2.954959869384765625e-03
3.184461593627929688e-02 2.885103225708007812e-03
3.203225135803222656e-02 2.879858016967773438e-03
3.201150894165039062e-02 2.864360809326171875e-03
3.197288513183593750e-02 2.867698669433593750e-03
3.212046623229980469e-02 2.882003784179687500e-03
3.176760673522949219e-02 2.858400344848632812e-03
3.211593627929687500e-02 2.866506576538085938e-03
3.238034248352050781e-02 2.876758575439453125e-03
3.204226493835449219e-02 2.864837646484375000e-03
