1.512908935546875000e-01 1.309084892272949219e-02
1.467113494873046875e-01 1.237416267395019531e-02
1.447417736053466797e-01 1.253056526184082031e-02
1.449255943298339844e-01 1.244306564331054688e-02
1.447188854217529297e-01 1.309847831726074219e-02
1.496710777282714844e-01 1.281237602233886719e-02
1.456301212310791016e-01 1.247096061706542969e-02
1.450307369232177734e-01 1.254367828369140625e-02
1.453619003295898438e-01 1.255130767822265625e-02
1.615040302276611328e-01 1.246786117553710938e-02
1.446862220764160156e-01 1.250505447387695312e-02
1.435558795928955078e-01 1.233792304992675781e-02
1.438601016998291016e-01 1.242995262145996094e-02
1.615014076232910156e-01 1.271867752075195312e-02
1.439447402954101562e-01 1.234960556030273438e-02
1.454498767852783203e-01 1.249814033508300781e-02
1.440210342407226562e-01 1.229929924011230469e-02
1.450488567352294922e-01 1.255345344543457031e-02
1.461870670318603516e-01 1.358938217163085938e-02
1.490130424499511719e-01 1.256132125854492188e-02
1.440441608428955078e-01 1.240944862365722656e-02
1.452550888061523438e-01 1.258730888366699219e-02
1.437623500823974609e-01 1.234984397888183594e-02
1.450278759002685547e-01 1.250624656677246094e-02
1.444165706634521484e-01 1.282787322998046875e-02
1.438591480255126953e-01 1.239585876464843750e-02
1.441564559936523438e-01 1.246523857116699219e-02
1.450023651123046875e-01 1.245784759521484375e-02
1.441276073455810547e-01 1.241350173950195312e-02
1.436381340026855469e-01 1.238727569580078125e-02
1.450309753417968750e-01 1.246452331542968750e-02
1.449460983276367188e-01 1.251244544982910156e-02
1.453087329864501953e-01 1.342439651489257812e-02
1.510913372039794922e-01 1.272892951965332031e-02
1.472523212432861328e-01 1.241493225097656250e-02
1.469883918762207031e-01 1.258492469787597656e-02
1.454868316650390625e-01 1.229667663574218750e-02
1.453595161437988281e-01 1.236438751220703125e-02
1.455762386322021484e-01 1.230978965759277344e-02
1.459147930145263672e-01 1.246905326843261719e-02
1.458418369293212891e-01 1.250553131103515625e-02
1.468296051025390625e-01 1.248240470886230469e-02
1.453130245208740234e-01 1.233601570129394531e-02
1.468143463134765625e-01 1.253414154052734375e-02
1.461217403411865234e-01 1.247978210449218750e-02
1.455941200256347656e-01 1.250934600830078125e-02
1.453619003295898438e-01 1.309514045715332031e-02
1.497139930725097656e-01 1.279783248901367188e-02
1.443309783935546875e-01 1.229643821716308594e-02
1.432802677154541016e-01 1.218891143798828125e-02
1.434671878814697266e-01 1.226615905761718750e-02
1.440935134887695312e-01 1.233291625976562500e-02
1.429812908172607422e-01 1.225638389587402344e-02
1.428229808807373047e-01 1.225233078002929688e-02
1.439425945281982422e-01 1.236701011657714844e-02
1.431579589843750000e-01 1.221585273742675781e-02
1.431875228881835938e-01 1.222252845764160156e-02
1.432578563690185547e-01 1.218438148498535156e-02
1.431231498718261719e-01 1.226925849914550781e-02
1.434073448181152344e-01 1.229643821716308594e-02
1.428799629211425781e-01 1.223587989807128906e-02
1.478838920593261719e-01 1.275134086608886719e-02
1.439409255981445312e-01 1.219820976257324219e-02
1.423721313476562500e-01 1.213884353637695312e-02
