1.927471160888671875e-02 2.712726593017578125e-03
1.974344253540039062e-02 2.746820449829101562e-03
1.973247528076171875e-02 2.723693847656250000e-03
1.988983154296875000e-02 2.759695053100585938e-03
1.989698410034179688e-02 2.746343612670898438e-03
1.861047744750976562e-02 2.656936645507812500e-03
1.879167556762695312e-02 2.727746963500976562e-03
1.869177818298339844e-02 2.738952636718750000e-03
1.807022094726562500e-02 2.638101577758789062e-03
1.873588562011718750e-02 2.742528915405273438e-03
1.809382438659667969e-02 2.644777297973632812e-03
1.873850822448730469e-02 2.674341201782226562e-03
1.872229576110839844e-02 2.707719802856445312e-03
1.863384246826171875e-02 2.704381942749023438e-03
1.862668991088867188e-02 2.714633941650390625e-03
1.865148544311523438e-02 2.757072448730468750e-03
1.875090599060058594e-02 2.675056457519531250e-03
1.872730255126953125e-02 2.694606781005859375e-03
1.865053176879882812e-02 2.723932266235351562e-03
1.862907409667968750e-02 2.705097198486328125e-03
1.876401901245117188e-02 2.681970596313476562e-03
1.884388923645019531e-02 2.664089202880859375e-03
1.877737045288085938e-02 2.719640731811523438e-03
1.877498626708984375e-02 2.749681472778320312e-03
1.867842674255371094e-02 2.714157104492187500e-03
1.822400093078613281e-02 2.623081207275390625e-03
3.424263000488281250e-02 3.240108489990234375e-03
1.889204978942871094e-02 2.728462219238281250e-03
1.814532279968261719e-02 2.732992172241210938e-03
1.867938041687011719e-02 2.754449844360351562e-03
1.868939399719238281e-02 2.716541290283203125e-03
1.813507080078125000e-02 2.570390701293945312e-03
1.861190795898437500e-02 2.707242965698242188e-03
1.807999610900878906e-02 2.652406692504882812e-03
1.793408393859863281e-02 2.644777297973632812e-03
1.805377006530761719e-02 2.596616744995117188e-03
1.791763305664062500e-02 2.573728561401367188e-03
1.814222335815429688e-02 2.559900283813476562e-03
1.791787147521972656e-02 2.567052841186523438e-03
1.812314987182617188e-02 2.562522888183593750e-03
1.790666580200195312e-02 2.619743347167968750e-03
1.809287071228027344e-02 2.667188644409179688e-03
