1.514494419097900391e-01 1.281499862670898438e-02
1.398179531097412109e-01 1.215600967407226562e-02
1.401839256286621094e-01 1.225328445434570312e-02
1.385378837585449219e-01 1.229643821716308594e-02
1.386342048645019531e-01 1.223206520080566406e-02
1.390874385833740234e-01 1.238393783569335938e-02
1.386866569519042969e-01 1.237130165100097656e-02
1.382868289947509766e-01 1.212239265441894531e-02
1.380980014801025391e-01 1.214313507080078125e-02
1.379909515380859375e-01 1.209688186645507812e-02
1.379497051239013672e-01 1.206493377685546875e-02
1.388077735900878906e-01 1.217246055603027344e-02
1.382987499237060547e-01 1.209712028503417969e-02
1.428623199462890625e-01 1.255416870117187500e-02
1.417298316955566406e-01 1.223254203796386719e-02
1.383256912231445312e-01 1.208186149597167969e-02
1.384885311126708984e-01 1.209139823913574219e-02
1.385483741760253906e-01 1.219081878662109375e-02
1.384100914001464844e-01 1.203203201293945312e-02
1.383674144744873047e-01 1.216459274291992188e-02
1.386172771453857422e-01 1.212072372436523438e-02
1.381196975708007812e-01 1.210951805114746094e-02
1.394152641296386719e-01 1.222586631774902344e-02
1.549835205078125000e-01 1.208543777465820312e-02
1.384308338165283203e-01 1.215934753417968750e-02
1.381921768188476562e-01 1.206803321838378906e-02
1.385793685913085938e-01 1.205325126647949219e-02
1.386053562164306641e-01 1.208639144897460938e-02
1.453192234039306641e-01 1.275181770324707031e-02
1.410696506500244141e-01 1.215410232543945312e-02
1.392545700073242188e-01 1.207041740417480469e-02
1.395037174224853516e-01 1.213669776916503906e-02
1.388936042785644531e-01 1.207304000854492188e-02
