1.467685699462890625e-01 1.282429695129394531e-02
1.411426067352294922e-01 1.204204559326171875e-02
1.589910984039306641e-01 1.262998580932617188e-02
1.408684253692626953e-01 1.228117942810058594e-02
1.394414901733398438e-01 1.206159591674804688e-02
1.389338970184326172e-01 1.212954521179199219e-02
1.390459537506103516e-01 1.205348968505859375e-02
1.390397548675537109e-01 1.222014427185058594e-02
1.392281055450439453e-01 1.225066184997558594e-02
1.396377086639404297e-01 1.224470138549804688e-02
1.391456127166748047e-01 1.215767860412597656e-02
1.391639709472656250e-01 1.219677925109863281e-02
1.405701637268066406e-01 1.353192329406738281e-02
1.448669433593750000e-01 1.265645027160644531e-02
1.391911506652832031e-01 1.213788986206054688e-02
1.394851207733154297e-01 1.210808753967285156e-02
1.391220092773437500e-01 1.210427284240722656e-02
1.393876075744628906e-01 1.234817504882812500e-02
1.394174098968505859e-01 1.208329200744628906e-02
1.389737129211425781e-01 1.208782196044921875e-02
1.390893459320068359e-01 1.226735115051269531e-02
1.391935348510742188e-01 1.212692260742187500e-02
