5.600500106811523438e-02 1.014709472656250000e-02
5.679798126220703125e-02 1.389050483703613281e-02
5.834317207336425781e-02 9.629249572753906250e-03
5.849266052246093750e-02 1.068568229675292969e-02
5.602169036865234375e-02 1.016640663146972656e-02
7.187581062316894531e-02 9.776830673217773438e-03
5.378055572509765625e-02 9.685993194580078125e-03
5.234003067016601562e-02 9.508848190307617188e-03
5.457282066345214844e-02 9.650707244873046875e-03
5.282378196716308594e-02 9.537935256958007812e-03
5.520629882812500000e-02 9.754896163940429688e-03
5.501723289489746094e-02 9.840011596679687500e-03
5.380582809448242188e-02 9.544849395751953125e-03
5.282449722290039062e-02 9.588479995727539062e-03
5.301141738891601562e-02 9.608507156372070312e-03
5.290842056274414062e-02 9.593963623046875000e-03
5.326509475708007812e-02 9.499549865722656250e-03
5.274629592895507812e-02 9.535312652587890625e-03
5.220103263854980469e-02 9.552717208862304688e-03
5.315256118774414062e-02 9.516716003417968750e-03
5.281376838684082031e-02 9.625673294067382812e-03
