3.591394424438476562e-02 3.080606460571289062e-03
5.526757240295410156e-02 3.120422363281250000e-03
3.522109985351562500e-02 3.066539764404296875e-03
5.240464210510253906e-02 3.027200698852539062e-03
3.606724739074707031e-02 3.123044967651367188e-03
3.597736358642578125e-02 3.135919570922851562e-03
5.314254760742187500e-02 2.991914749145507812e-03
3.504991531372070312e-02 3.003835678100585938e-03
3.504800796508789062e-02 3.019094467163085938e-03
3.597736358642578125e-02 3.175020217895507812e-03
3.525781631469726562e-02 3.047943115234375000e-03
3.518342971801757812e-02 3.048181533813476562e-03
3.508830070495605469e-02 3.021001815795898438e-03
3.506088256835937500e-02 3.009080886840820312e-03
3.509569168090820312e-02 3.024816513061523438e-03
3.515219688415527344e-02 3.043174743652343750e-03
3.545689582824707031e-02 3.034591674804687500e-03
3.504061698913574219e-02 3.013849258422851562e-03
3.506040573120117188e-02 3.046989440917968750e-03
