1.257586479187011719e-02 2.528667449951171875e-03
1.220583915710449219e-02 2.474308013916015625e-03
1.235365867614746094e-02 2.475500106811523438e-03
1.266479492187500000e-02 2.519845962524414062e-03
1.288104057312011719e-02 2.534389495849609375e-03
1.278495788574218750e-02 2.474546432495117188e-03
1.241755485534667969e-02 2.525091171264648438e-03
3.529214859008789062e-02 3.874540328979492188e-03
1.498270034790039062e-02 2.575397491455078125e-03
1.214957237243652344e-02 2.393245697021484375e-03
1.172423362731933594e-02 2.363920211791992188e-03
1.188874244689941406e-02 2.334356307983398438e-03
1.253008842468261719e-02 2.444028854370117188e-03
1.190471649169921875e-02 2.351284027099609375e-03
1.165461540222167969e-02 2.293348312377929688e-03
1.181530952453613281e-02 2.322912216186523438e-03
1.196408271789550781e-02 2.324819564819335938e-03
1.181936264038085938e-02 2.361059188842773438e-03
1.208162307739257812e-02 2.334356307983398438e-03
1.189136505126953125e-02 2.374410629272460938e-03
1.227855682373046875e-02 2.367019653320312500e-03
1.204466819763183594e-02 2.315521240234375000e-03
1.193475723266601562e-02 2.307176589965820312e-03
1.187229156494140625e-02 2.395868301391601562e-03
1.197171211242675781e-02 2.351522445678710938e-03
1.221776008605957031e-02 2.405881881713867188e-03
