9.269762039184570312e-02 1.498579978942871094e-02
9.524965286254882812e-02 1.087927818298339844e-02
9.136056900024414062e-02 1.100444793701171875e-02
8.944416046142578125e-02 1.071643829345703125e-02
8.948826789855957031e-02 1.069617271423339844e-02
8.975291252136230469e-02 1.057648658752441406e-02
8.977913856506347656e-02 1.072502136230468750e-02
9.000921249389648438e-02 1.067566871643066406e-02
9.004521369934082031e-02 1.062226295471191406e-02
8.961558341979980469e-02 1.063227653503417969e-02
8.987545967102050781e-02 1.066970825195312500e-02
8.996272087097167969e-02 1.071548461914062500e-02
8.847451210021972656e-02 1.055407524108886719e-02
9.002709388732910156e-02 1.067399978637695312e-02
9.205222129821777344e-02 1.121830940246582031e-02
9.100341796875000000e-02 1.082897186279296875e-02
9.038853645324707031e-02 1.071476936340332031e-02
8.972048759460449219e-02 1.069736480712890625e-02
8.908057212829589844e-02 1.054191589355468750e-02
9.031724929809570312e-02 1.065897941589355469e-02
8.994889259338378906e-02 1.074981689453125000e-02
8.902001380920410156e-02 1.062345504760742188e-02
8.867573738098144531e-02 1.060175895690917969e-02
8.978343009948730469e-02 1.068663597106933594e-02
8.943057060241699219e-02 1.062822341918945312e-02
8.876657485961914062e-02 1.058268547058105469e-02
8.914637565612792969e-02 1.065897941589355469e-02
8.959078788757324219e-02 1.069092750549316406e-02
1.086459159851074219e-01 1.063203811645507812e-02
8.877325057983398438e-02 1.058912277221679688e-02
8.978223800659179688e-02 1.074862480163574219e-02
8.925509452819824219e-02 1.059746742248535156e-02
8.931636810302734375e-02 1.052522659301757812e-02
8.953666687011718750e-02 1.055741310119628906e-02
8.927869796752929688e-02 1.060819625854492188e-02
8.944702148437500000e-02 1.063632965087890625e-02
9.148406982421875000e-02 1.100659370422363281e-02
9.119510650634765625e-02 1.084136962890625000e-02
8.942127227783203125e-02 1.072907447814941406e-02
8.931350708007812500e-02 1.073646545410156250e-02
8.928036689758300781e-02 1.059412956237792969e-02
8.782529830932617188e-02 1.051115989685058594e-02
8.889102935791015625e-02 1.056623458862304688e-02
8.945846557617187500e-02 1.063990592956542969e-02
8.980464935302734375e-02 1.072335243225097656e-02
8.805036544799804688e-02 1.058268547058105469e-02
8.966255187988281250e-02 1.066756248474121094e-02
8.932900428771972656e-02 1.054120063781738281e-02
8.952569961547851562e-02 1.076626777648925781e-02
8.992099761962890625e-02 1.078629493713378906e-02
8.908557891845703125e-02 1.067161560058593750e-02
8.898234367370605469e-02 1.055216789245605469e-02
9.004235267639160156e-02 1.085424423217773438e-02
9.103751182556152344e-02 1.077461242675781250e-02
9.090900421142578125e-02 1.066327095031738281e-02
9.123396873474121094e-02 1.073431968688964844e-02
8.986854553222656250e-02 1.070499420166015625e-02
8.996272087097167969e-02 1.064109802246093750e-02
9.363818168640136719e-02 1.124906539916992188e-02
9.220886230468750000e-02 1.087284088134765625e-02
9.030032157897949219e-02 1.066088676452636719e-02
9.036517143249511719e-02 1.070761680603027344e-02
8.851027488708496094e-02 1.070356369018554688e-02
9.170961380004882812e-02 1.075530052185058594e-02
9.052157402038574219e-02 1.066422462463378906e-02
9.048509597778320312e-02 1.071524620056152344e-02
8.992314338684082031e-02 1.067018508911132812e-02
8.974361419677734375e-02 1.073193550109863281e-02
9.059667587280273438e-02 1.064825057983398438e-02
9.095859527587890625e-02 1.076936721801757812e-02
9.099006652832031250e-02 1.069355010986328125e-02
9.034848213195800781e-02 1.076555252075195312e-02
8.999800682067871094e-02 1.072764396667480469e-02
9.104514122009277344e-02 1.079082489013671875e-02
9.143877029418945312e-02 1.079535484313964844e-02
9.108567237854003906e-02 1.082420349121093750e-02
9.123635292053222656e-02 1.073908805847167969e-02
9.156560897827148438e-02 1.082420349121093750e-02
9.040069580078125000e-02 1.076936721801757812e-02
8.983993530273437500e-02 1.067256927490234375e-02
9.419035911560058594e-02 1.119709014892578125e-02
9.237408638000488281e-02 1.075983047485351562e-02
9.016442298889160156e-02 1.074004173278808594e-02
9.088492393493652344e-02 1.065373420715332031e-02
8.917427062988281250e-02 1.063895225524902344e-02
9.011745452880859375e-02 1.057744026184082031e-02
8.996510505676269531e-02 1.058435440063476562e-02
9.043121337890625000e-02 1.057720184326171875e-02
8.956098556518554688e-02 1.063680648803710938e-02
8.947730064392089844e-02 1.082205772399902344e-02
8.978199958801269531e-02 1.063919067382812500e-02
9.011936187744140625e-02 1.058912277221679688e-02
9.005403518676757812e-02 1.061129570007324219e-02
8.925771713256835938e-02 1.054286956787109375e-02
8.995866775512695312e-02 1.055860519409179688e-02
9.102511405944824219e-02 1.072382926940917969e-02
8.876657485961914062e-02 1.057553291320800781e-02
8.900070190429687500e-02 1.053047180175781250e-02
9.003448486328125000e-02 1.072239875793457031e-02
1.101593971252441406e-01 1.070213317871093750e-02
