7.364940643310546875e-02 1.085567474365234375e-02
7.301187515258789062e-02 1.466679573059082031e-02
6.645298004150390625e-02 9.999990463256835938e-03
6.666135787963867188e-02 1.022887229919433594e-02
6.612443923950195312e-02 9.967803955078125000e-03
6.691360473632812500e-02 1.014041900634765625e-02
6.542730331420898438e-02 9.943723678588867188e-03
6.660270690917968750e-02 1.028203964233398438e-02
6.562542915344238281e-02 9.947299957275390625e-03
6.548905372619628906e-02 9.986639022827148438e-03
6.687808036804199219e-02 1.007151603698730469e-02
6.545138359069824219e-02 1.005959510803222656e-02
6.536507606506347656e-02 9.918689727783203125e-03
6.548428535461425781e-02 1.002073287963867188e-02
6.567978858947753906e-02 9.910583496093750000e-03
6.539201736450195312e-02 1.004981994628906250e-02
6.556224822998046875e-02 9.945631027221679688e-03
6.575012207031250000e-02 1.013207435607910156e-02
6.550264358520507812e-02 9.902477264404296875e-03
6.528425216674804688e-02 1.006364822387695312e-02
