7.339692115783691406e-02 1.421856880187988281e-02
7.185745239257812500e-02 1.421165466308593750e-02
6.666421890258789062e-02 1.005578041076660156e-02
6.658959388732910156e-02 1.006579399108886719e-02
6.577944755554199219e-02 1.007771492004394531e-02
6.648707389831542969e-02 1.053595542907714844e-02
6.637167930603027344e-02 5.852723121643066406e-02
6.824612617492675781e-02 1.061058044433593750e-02
6.665682792663574219e-02 1.022076606750488281e-02
6.692671775817871094e-02 1.014637947082519531e-02
6.643962860107421875e-02 1.019597053527832031e-02
6.640553474426269531e-02 1.020002365112304688e-02
6.635665893554687500e-02 1.025271415710449219e-02
6.547832489013671875e-02 1.003909111022949219e-02
6.651926040649414062e-02 1.008939743041992188e-02
6.544566154479980469e-02 1.020336151123046875e-02
6.653976440429687500e-02 1.007676124572753906e-02
6.633591651916503906e-02 1.007938385009765625e-02
6.526374816894531250e-02 1.016640663146972656e-02
6.526088714599609375e-02 9.968757629394531250e-03
6.661725044250488281e-02 1.016330718994140625e-02
6.637167930603027344e-02 1.008176803588867188e-02
6.672883033752441406e-02 1.011586189270019531e-02
6.644558906555175781e-02 1.017093658447265625e-02
6.643152236938476562e-02 1.014280319213867188e-02
6.528139114379882812e-02 1.004457473754882812e-02
6.659913063049316406e-02 1.010251045227050781e-02
6.535625457763671875e-02 1.006531715393066406e-02
6.543874740600585938e-02 1.003408432006835938e-02
6.516289710998535156e-02 1.009202003479003906e-02
6.527090072631835938e-02 1.009654998779296875e-02
6.513929367065429688e-02 9.990215301513671875e-03
6.538844108581542969e-02 1.021909713745117188e-02
6.533360481262207031e-02 1.007938385009765625e-02
6.533980369567871094e-02 1.005363464355468750e-02
7.018804550170898438e-02 1.068472862243652344e-02
6.765580177307128906e-02 1.068615913391113281e-02
6.665086746215820312e-02 1.001882553100585938e-02
6.535887718200683594e-02 1.006317138671875000e-02
6.656432151794433594e-02 1.018285751342773438e-02
6.531190872192382812e-02 1.001501083374023438e-02
6.527256965637207031e-02 1.014995574951171875e-02
6.568264961242675781e-02 1.001524925231933594e-02
6.521177291870117188e-02 1.000118255615234375e-02
6.521105766296386719e-02 1.006054878234863281e-02
6.517505645751953125e-02 1.008725166320800781e-02
6.538701057434082031e-02 1.018428802490234375e-02
6.503176689147949219e-02 9.994506835937500000e-03
6.664061546325683594e-02 1.014780998229980469e-02
6.523180007934570312e-02 1.002836227416992188e-02
6.505680084228515625e-02 9.975671768188476562e-03
6.534457206726074219e-02 1.022362709045410156e-02
6.515479087829589844e-02 1.002860069274902344e-02
6.539964675903320312e-02 1.022243499755859375e-02
6.513667106628417969e-02 1.011681556701660156e-02
6.518316268920898438e-02 1.000761985778808594e-02
6.628012657165527344e-02 1.024770736694335938e-02
6.492900848388671875e-02 9.988307952880859375e-03
6.565022468566894531e-02 9.999990463256835938e-03
6.532955169677734375e-02 1.010322570800781250e-02
6.674480438232421875e-02 1.012873649597167969e-02
6.520032882690429688e-02 1.009607315063476562e-02
6.519794464111328125e-02 1.005458831787109375e-02
6.527376174926757812e-02 1.005506515502929688e-02
6.617164611816406250e-02 1.158857345581054688e-02
6.921291351318359375e-02 1.079368591308593750e-02
6.704616546630859375e-02 1.044034957885742188e-02
6.598281860351562500e-02 1.007390022277832031e-02
6.419014930725097656e-02 1.007699966430664062e-02
6.297469139099121094e-02 9.917020797729492188e-03
