1.863408088684082031e-02 2.697467803955078125e-03
1.808619499206542969e-02 2.607345581054687500e-03
1.866126060485839844e-02 2.728223800659179688e-03
1.812314987182617188e-02 2.653360366821289062e-03
1.808214187622070312e-02 2.649307250976562500e-03
1.873159408569335938e-02 2.665281295776367188e-03
1.865530014038085938e-02 2.708673477172851562e-03
1.871800422668457031e-02 2.739906311035156250e-03
1.870036125183105469e-02 2.710103988647460938e-03
1.815414428710937500e-02 2.632856369018554688e-03
1.809096336364746094e-02 2.575397491455078125e-03
1.807427406311035156e-02 2.645015716552734375e-03
1.863074302673339844e-02 2.703428268432617188e-03
1.806235313415527344e-02 2.608060836791992188e-03
1.869869232177734375e-02 2.705574035644531250e-03
1.873826980590820312e-02 2.690076828002929688e-03
1.867771148681640625e-02 2.681970596313476562e-03
3.418326377868652344e-02 3.203868865966796875e-03
1.885604858398437500e-02 2.646684646606445312e-03
1.808595657348632812e-02 2.580404281616210938e-03
1.864123344421386719e-02 2.676248550415039062e-03
1.807737350463867188e-02 2.567768096923828125e-03
1.869702339172363281e-02 2.616643905639648438e-03
1.887655258178710938e-02 2.715826034545898438e-03
1.878976821899414062e-02 2.717971801757812500e-03
1.870131492614746094e-02 2.663612365722656250e-03
3.377270698547363281e-02 3.191947937011718750e-03
1.890754699707031250e-02 2.674579620361328125e-03
1.865601539611816406e-02 2.745866775512695312e-03
1.866412162780761719e-02 2.612352371215820312e-03
1.891469955444335938e-02 2.679824829101562500e-03
1.890468597412109375e-02 2.686023712158203125e-03
1.881408691406250000e-02 2.635240554809570312e-03
1.880073547363281250e-02 2.717256546020507812e-03
1.833319664001464844e-02 2.624511718750000000e-03
1.876640319824218750e-02 2.695083618164062500e-03
1.878976821899414062e-02 2.757549285888671875e-03
1.812887191772460938e-02 2.610206604003906250e-03
1.874804496765136719e-02 2.691507339477539062e-03
1.874423027038574219e-02 2.681970596313476562e-03
1.867651939392089844e-02 2.719402313232421875e-03
1.869559288024902344e-02 2.686262130737304688e-03
1.812100410461425781e-02 2.613067626953125000e-03
1.882314682006835938e-02 2.715110778808593750e-03
1.811480522155761719e-02 2.611875534057617188e-03
1.873874664306640625e-02 2.629280090332031250e-03
1.864171028137207031e-02 2.660512924194335938e-03
1.873683929443359375e-02 2.691030502319335938e-03
1.861333847045898438e-02 2.660512924194335938e-03
1.872348785400390625e-02 2.633810043334960938e-03
1.867365837097167969e-02 2.683401107788085938e-03
1.866841316223144531e-02 2.677917480468750000e-03
1.866674423217773438e-02 2.697229385375976562e-03
1.873159408569335938e-02 2.692222595214843750e-03
1.871109008789062500e-02 2.685308456420898438e-03
1.871776580810546875e-02 2.635478973388671875e-03
1.870012283325195312e-02 2.734661102294921875e-03
1.804065704345703125e-02 2.591133117675781250e-03
1.793599128723144531e-02 2.569675445556640625e-03
1.811671257019042969e-02 2.547740936279296875e-03
1.797842979431152344e-02 2.537727355957031250e-03
1.807165145874023438e-02 2.541780471801757812e-03
1.798295974731445312e-02 2.549409866333007812e-03
1.804733276367187500e-02 2.586841583251953125e-03
1.793861389160156250e-02 2.569913864135742188e-03
2.015900611877441406e-02 2.950668334960937500e-03
1.968073844909667969e-02 2.827882766723632812e-03
1.881766319274902344e-02 2.787590026855468750e-03
1.867914199829101562e-02 2.678871154785156250e-03
1.858592033386230469e-02 2.678871154785156250e-03
1.914238929748535156e-02 2.793312072753906250e-03
1.836943626403808594e-02 2.643346786499023438e-03
1.829862594604492188e-02 2.631664276123046875e-03
1.822495460510253906e-02 2.595663070678710938e-03
1.868081092834472656e-02 2.673625946044921875e-03
1.821160316467285156e-02 2.654075622558593750e-03
1.817131042480468750e-02 2.604484558105468750e-03
1.801681518554687500e-02 2.585649490356445312e-03
1.874303817749023438e-02 2.635240554809570312e-03
1.870512962341308594e-02 2.685070037841796875e-03
1.887655258178710938e-02 2.721786499023437500e-03
1.806163787841796875e-02 2.614974975585937500e-03
1.817774772644042969e-02 2.577066421508789062e-03
1.816987991333007812e-02 2.545356750488281250e-03
1.783990859985351562e-02 2.547502517700195312e-03
1.816821098327636719e-02 2.579212188720703125e-03
1.815176010131835938e-02 2.652168273925781250e-03
1.815104484558105469e-02 2.587795257568359375e-03
1.862573623657226562e-02 2.678871154785156250e-03
1.867485046386718750e-02 2.675533294677734375e-03
1.831388473510742188e-02 2.703666687011718750e-03
1.810503005981445312e-02 2.617359161376953125e-03
1.810550689697265625e-02 2.574682235717773438e-03
1.795172691345214844e-02 2.620935440063476562e-03
1.861262321472167969e-02 2.639532089233398438e-03
3.645229339599609375e-02 3.286361694335937500e-03
1.890850067138671875e-02 2.705335617065429688e-03
1.809692382812500000e-02 2.604484558105468750e-03
1.811552047729492188e-02 2.549648284912109375e-03
1.871919631958007812e-02 2.676725387573242188e-03
