7.517528533935546875e-02 1.083493232727050781e-02
8.291506767272949219e-02 1.084852218627929688e-02
7.258057594299316406e-02 1.014184951782226562e-02
7.239460945129394531e-02 1.052474975585937500e-02
8.949899673461914062e-02 1.063418388366699219e-02
7.229208946228027344e-02 5.276322364807128906e-02
7.200932502746582031e-02 1.020908355712890625e-02
7.178401947021484375e-02 1.022601127624511719e-02
7.226300239562988281e-02 1.025938987731933594e-02
7.212090492248535156e-02 1.044964790344238281e-02
7.232403755187988281e-02 1.029634475708007812e-02
7.183051109313964844e-02 1.021027565002441406e-02
7.207512855529785156e-02 1.023888587951660156e-02
7.094717025756835938e-02 1.013636589050292969e-02
7.192087173461914062e-02 1.052188873291015625e-02
7.244133949279785156e-02 1.030278205871582031e-02
7.216024398803710938e-02 1.028490066528320312e-02
7.226824760437011719e-02 1.030755043029785156e-02
7.195711135864257812e-02 1.026487350463867188e-02
7.188272476196289062e-02 1.024103164672851562e-02
7.218861579895019531e-02 1.039671897888183594e-02
7.198500633239746094e-02 1.032781600952148438e-02
7.093358039855957031e-02 1.008391380310058594e-02
7.106471061706542969e-02 1.012277603149414062e-02
7.113146781921386719e-02 1.010799407958984375e-02
7.206583023071289062e-02 1.024341583251953125e-02
7.470798492431640625e-02 1.137661933898925781e-02
7.450819015502929688e-02 1.085710525512695312e-02
7.357668876647949219e-02 1.044559478759765625e-02
7.305097579956054688e-02 1.037693023681640625e-02
7.115173339843750000e-02 1.013183593750000000e-02
7.249021530151367188e-02 1.027226448059082031e-02
7.155418395996093750e-02 1.028418540954589844e-02
7.142066955566406250e-02 1.023483276367187500e-02
7.241868972778320312e-02 1.019644737243652344e-02
8.806896209716796875e-02 1.016163825988769531e-02
7.134389877319335938e-02 1.027059555053710938e-02
7.122635841369628906e-02 1.023697853088378906e-02
7.279086112976074219e-02 1.029920578002929688e-02
7.138299942016601562e-02 1.017737388610839844e-02
7.393598556518554688e-02 1.032996177673339844e-02
7.470726966857910156e-02 1.055431365966796875e-02
7.323265075683593750e-02 1.037669181823730469e-02
7.300686836242675781e-02 1.036119461059570312e-02
7.465624809265136719e-02 1.039719581604003906e-02
7.307481765747070312e-02 1.036930084228515625e-02
7.322382926940917969e-02 1.018333435058593750e-02
7.332563400268554688e-02 1.022601127624511719e-02
7.339859008789062500e-02 1.026463508605957031e-02
7.305717468261718750e-02 1.041603088378906250e-02
7.343363761901855469e-02 1.033258438110351562e-02
7.325887680053710938e-02 1.040434837341308594e-02
7.310867309570312500e-02 1.032948493957519531e-02
7.856273651123046875e-02 1.081418991088867188e-02
