1.479234695434570312e-01 1.680564880371093750e-02
1.423487663269042969e-01 1.218342781066894531e-02
1.400868892669677734e-01 1.221203804016113281e-02
1.404120922088623047e-01 1.258659362792968750e-02
1.391348838806152344e-01 1.210260391235351562e-02
1.404156684875488281e-01 1.219463348388671875e-02
1.402316093444824219e-01 1.219606399536132812e-02
1.401503086090087891e-01 1.227760314941406250e-02
1.399040222167968750e-01 1.221108436584472656e-02
1.404516696929931641e-01 1.220178604125976562e-02
1.391942501068115234e-01 1.206469535827636719e-02
1.460158824920654297e-01 1.294875144958496094e-02
1.448860168457031250e-01 1.235079765319824219e-02
1.449713706970214844e-01 1.254105567932128906e-02
1.449129581451416016e-01 1.239156723022460938e-02
1.431658267974853516e-01 1.239752769470214844e-02
1.447541713714599609e-01 1.244235038757324219e-02
1.446332931518554688e-01 1.246857643127441406e-02
1.430947780609130859e-01 1.233959197998046875e-02
1.432070732116699219e-01 1.250028610229492188e-02
1.434233188629150391e-01 1.243305206298828125e-02
1.433184146881103516e-01 1.245665550231933594e-02
1.435527801513671875e-01 1.236748695373535156e-02
1.435849666595458984e-01 1.236248016357421875e-02
1.432397365570068359e-01 1.227927207946777344e-02
1.491630077362060547e-01 1.294374465942382812e-02
1.435284614562988281e-01 1.215124130249023438e-02
1.390450000762939453e-01 1.212143898010253906e-02
1.389796733856201172e-01 1.207160949707031250e-02
1.389925479888916016e-01 1.203751564025878906e-02
1.405830383300781250e-01 1.221632957458496094e-02
1.393053531646728516e-01 1.203656196594238281e-02
1.405968666076660156e-01 1.232957839965820312e-02
1.400308609008789062e-01 1.206302642822265625e-02
1.396827697753906250e-01 1.203083992004394531e-02
1.404075622558593750e-01 1.218795776367187500e-02
1.389005184173583984e-01 1.210951805114746094e-02
1.389298439025878906e-01 1.209688186645507812e-02
1.389975547790527344e-01 1.202464103698730469e-02
1.390745639801025391e-01 1.209712028503417969e-02
1.465079784393310547e-01 1.264595985412597656e-02
1.408255100250244141e-01 1.205039024353027344e-02
1.393327713012695312e-01 1.206612586975097656e-02
1.389873027801513672e-01 1.205801963806152344e-02
1.390752792358398438e-01 1.208114624023437500e-02
