1.668930053710937500e-02 2.609014511108398438e-03
1.704883575439453125e-02 2.627134323120117188e-03
4.558920860290527344e-02 3.632545471191406250e-03
1.800107955932617188e-02 2.629280090332031250e-03
3.220605850219726562e-02 3.295660018920898438e-03
1.745057106018066406e-02 2.542495727539062500e-03
3.232026100158691406e-02 3.200531005859375000e-03
1.751208305358886719e-02 2.532720565795898438e-03
1.628899574279785156e-02 2.525806427001953125e-03
1.624822616577148438e-02 2.534627914428710938e-03
1.694726943969726562e-02 2.673387527465820312e-03
1.648974418640136719e-02 2.563238143920898438e-03
1.643633842468261719e-02 2.520561218261718750e-03
1.652312278747558594e-02 2.568483352661132812e-03
1.637077331542968750e-02 2.570390701293945312e-03
1.652908325195312500e-02 2.516508102416992188e-03
1.660823822021484375e-02 2.513885498046875000e-03
1.647067070007324219e-02 2.516508102416992188e-03
1.628041267395019531e-02 2.521753311157226562e-03
1.639795303344726562e-02 2.524375915527343750e-03
