1.206040382385253906e-02 2.442121505737304688e-03
3.996419906616210938e-02 3.985404968261718750e-03
1.509523391723632812e-02 2.630710601806640625e-03
1.178956031799316406e-02 2.350091934204101562e-03
1.194596290588378906e-02 2.326965332031250000e-03
1.200222969055175781e-02 2.362012863159179688e-03
1.242446899414062500e-02 2.430915832519531250e-03
1.248955726623535156e-02 2.476453781127929688e-03
1.212263107299804688e-02 2.325296401977539062e-03
1.207661628723144531e-02 2.429962158203125000e-03
1.190304756164550781e-02 2.352952957153320312e-03
1.203370094299316406e-02 2.496480941772460938e-03
1.197910308837890625e-02 2.404212951660156250e-03
2.877306938171386719e-02 3.795862197875976562e-03
1.448965072631835938e-02 2.628087997436523438e-03
1.268982887268066406e-02 2.492189407348632812e-03
1.279091835021972656e-02 2.474784851074218750e-03
1.269245147705078125e-02 2.534151077270507812e-03
1.195740699768066406e-02 2.321243286132812500e-03
1.199007034301757812e-02 2.378940582275390625e-03
1.189064979553222656e-02 2.311468124389648438e-03
1.197528839111328125e-02 2.310752868652343750e-03
1.223278045654296875e-02 2.418518066406250000e-03
1.204705238342285156e-02 2.328872680664062500e-03
1.190185546875000000e-02 2.353668212890625000e-03
1.225137710571289062e-02 2.350091934204101562e-03
1.192259788513183594e-02 2.386569976806640625e-03
