1.239490509033203125e-02 2.498388290405273438e-03
1.270651817321777344e-02 2.458572387695312500e-03
1.176428794860839844e-02 2.408266067504882812e-03
1.183843612670898438e-02 2.358913421630859375e-03
1.209878921508789062e-02 2.394676208496093750e-03
1.197147369384765625e-02 2.336740493774414062e-03
1.210451126098632812e-02 2.360820770263671875e-03
1.201295852661132812e-02 2.329349517822265625e-03
1.194810867309570312e-02 2.378225326538085938e-03
1.203894615173339844e-02 2.342224121093750000e-03
1.178145408630371094e-02 2.362489700317382812e-03
1.192378997802734375e-02 2.374410629272460938e-03
