7.505083084106445312e-02 1.432275772094726562e-02
7.028174400329589844e-02 9.933948516845703125e-03
7.034707069396972656e-02 1.044487953186035156e-02
8.496952056884765625e-02 1.045942306518554688e-02
6.691837310791015625e-02 1.033973693847656250e-02
6.677150726318359375e-02 1.010036468505859375e-02
6.686997413635253906e-02 1.017999649047851562e-02
6.678342819213867188e-02 1.013636589050292969e-02
6.710100173950195312e-02 1.013970375061035156e-02
6.562590599060058594e-02 1.012992858886718750e-02
6.666064262390136719e-02 1.011061668395996094e-02
6.687831878662109375e-02 1.006674766540527344e-02
6.656646728515625000e-02 1.020908355712890625e-02
8.289051055908203125e-02 1.009964942932128906e-02
6.660318374633789062e-02 1.027917861938476562e-02
6.649589538574218750e-02 1.016092300415039062e-02
6.682634353637695312e-02 1.008129119873046875e-02
6.584548950195312500e-02 9.956121444702148438e-03
6.667208671569824219e-02 1.018810272216796875e-02
6.653642654418945312e-02 1.022052764892578125e-02
6.572437286376953125e-02 9.948253631591796875e-03
6.608629226684570312e-02 1.006126403808593750e-02
6.674885749816894531e-02 1.006746292114257812e-02
6.669569015502929688e-02 1.018023490905761719e-02
6.692862510681152344e-02 1.014947891235351562e-02
6.540608406066894531e-02 9.985208511352539062e-03
6.673789024353027344e-02 1.019454002380371094e-02
6.709051132202148438e-02 1.018071174621582031e-02
6.567192077636718750e-02 1.010012626647949219e-02
6.722497940063476562e-02 1.137113571166992188e-02
6.898021697998046875e-02 1.052260398864746094e-02
6.745314598083496094e-02 1.014518737792968750e-02
6.766176223754882812e-02 1.021361351013183594e-02
6.660795211791992188e-02 1.021027565002441406e-02
6.694984436035156250e-02 1.009750366210937500e-02
6.657266616821289062e-02 1.006388664245605469e-02
6.705260276794433594e-02 1.011490821838378906e-02
6.693863868713378906e-02 1.021838188171386719e-02
6.749963760375976562e-02 1.032066345214843750e-02
6.697559356689453125e-02 1.011323928833007812e-02
6.730628013610839844e-02 1.001381874084472656e-02
6.706619262695312500e-02 1.008915901184082031e-02
6.687402725219726562e-02 1.021862030029296875e-02
6.585764884948730469e-02 9.969234466552734375e-03
6.698107719421386719e-02 1.012730598449707031e-02
6.577944755554199219e-02 1.002192497253417969e-02
6.555128097534179688e-02 1.003503799438476562e-02
6.692266464233398438e-02 1.009488105773925781e-02
6.616759300231933594e-02 1.005244255065917969e-02
6.562614440917968750e-02 9.887695312500000000e-03
6.568241119384765625e-02 9.981632232666015625e-03
6.581521034240722656e-02 1.013422012329101562e-02
6.553959846496582031e-02 1.007747650146484375e-02
6.658387184143066406e-02 1.004290580749511719e-02
6.553578376770019531e-02 9.994268417358398438e-03
6.557035446166992188e-02 1.006269454956054688e-02
6.544685363769531250e-02 1.007914543151855469e-02
6.552267074584960938e-02 9.917259216308593750e-03
6.788706779479980469e-02 1.146173477172851562e-02
6.725406646728515625e-02 1.054000854492187500e-02
6.628608703613281250e-02 1.009988784790039062e-02
6.457614898681640625e-02 1.001048088073730469e-02
6.576490402221679688e-02 1.016426086425781250e-02
6.455135345458984375e-02 9.975194931030273438e-03
6.431555747985839844e-02 9.981393814086914062e-03
8.128976821899414062e-02 1.000261306762695312e-02
6.450629234313964844e-02 1.002526283264160156e-02
8.132648468017578125e-02 1.014494895935058594e-02
6.458377838134765625e-02 1.002120971679687500e-02
6.443762779235839844e-02 1.004338264465332031e-02
6.468439102172851562e-02 9.932518005371093750e-03
6.435036659240722656e-02 9.948492050170898438e-03
6.447744369506835938e-02 1.009416580200195312e-02
6.460285186767578125e-02 1.008439064025878906e-02
6.472468376159667969e-02 1.004624366760253906e-02
6.443285942077636719e-02 9.968757629394531250e-03
6.436467170715332031e-02 9.935140609741210938e-03
6.449055671691894531e-02 1.000452041625976562e-02
6.464838981628417969e-02 1.008653640747070312e-02
