6.691193580627441406e-02 1.056241989135742188e-02
7.103919982910156250e-02 1.484966278076171875e-02
6.429338455200195312e-02 9.916305541992187500e-03
6.417059898376464844e-02 9.999036788940429688e-03
6.442403793334960938e-02 1.014828681945800781e-02
6.326818466186523438e-02 9.975671768188476562e-03
6.328773498535156250e-02 9.923458099365234375e-03
6.300330162048339844e-02 9.858846664428710938e-03
6.301856040954589844e-02 9.863615036010742188e-03
6.285285949707031250e-02 9.836673736572265625e-03
6.302523612976074219e-02 9.963750839233398438e-03
6.275582313537597656e-02 9.972333908081054688e-03
6.281709671020507812e-02 9.872913360595703125e-03
6.301307678222656250e-02 9.959697723388671875e-03
