7.492828369140625000e-02 1.088356971740722656e-02
7.501411437988281250e-02 1.068568229675292969e-02
7.399678230285644531e-02 1.058101654052734375e-02
7.460689544677734375e-02 1.039671897888183594e-02
7.352805137634277344e-02 1.029562950134277344e-02
7.345175743103027344e-02 1.027798652648925781e-02
7.357215881347656250e-02 1.048135757446289062e-02
7.276749610900878906e-02 1.023626327514648438e-02
7.365107536315917969e-02 1.026821136474609375e-02
7.385540008544921875e-02 1.027941703796386719e-02
7.375836372375488281e-02 1.027584075927734375e-02
7.281088829040527344e-02 1.007938385009765625e-02
7.256150245666503906e-02 1.017379760742187500e-02
7.246923446655273438e-02 1.013445854187011719e-02
7.251763343811035156e-02 1.017522811889648438e-02
7.265901565551757812e-02 1.012372970581054688e-02
7.255601882934570312e-02 1.013398170471191406e-02
7.275032997131347656e-02 1.019501686096191406e-02
7.261228561401367188e-02 1.018190383911132812e-02
7.281064987182617188e-02 1.019501686096191406e-02
