1.878762245178222656e-02 2.703905105590820312e-03
1.873874664306640625e-02 2.766132354736328125e-03
1.869797706604003906e-02 2.728223800659179688e-03
3.397083282470703125e-02 3.275632858276367188e-03
1.877498626708984375e-02 2.707481384277343750e-03
1.861405372619628906e-02 2.716779708862304688e-03
1.818919181823730469e-02 2.637624740600585938e-03
1.945757865905761719e-02 2.650499343872070312e-03
2.003264427185058594e-02 2.771854400634765625e-03
1.967930793762207031e-02 2.785682678222656250e-03
1.980686187744140625e-02 2.750635147094726562e-03
2.003145217895507812e-02 2.750635147094726562e-03
1.998448371887207031e-02 2.737522125244140625e-03
1.992869377136230469e-02 2.791881561279296875e-03
1.991271972656250000e-02 2.747297286987304688e-03
3.748440742492675781e-02 3.363132476806640625e-03
1.999354362487792969e-02 2.756834030151367188e-03
1.970052719116210938e-02 2.802133560180664062e-03
1.944041252136230469e-02 2.647876739501953125e-03
1.920127868652343750e-02 2.684354782104492188e-03
1.975655555725097656e-02 2.725362777709960938e-03
1.939558982849121094e-02 2.646446228027343750e-03
1.915287971496582031e-02 2.640962600708007812e-03
1.922965049743652344e-02 2.637147903442382812e-03
1.909637451171875000e-02 2.651691436767578125e-03
1.913356781005859375e-02 2.643346786499023438e-03
1.913714408874511719e-02 2.656221389770507812e-03
1.914525032043457031e-02 2.640008926391601562e-03
1.914739608764648438e-02 2.635717391967773438e-03
1.920771598815917969e-02 2.639293670654296875e-03
