5.597949028015136719e-02 1.011323928833007812e-02
5.457234382629394531e-02 1.018738746643066406e-02
5.295538902282714844e-02 1.006221771240234375e-02
5.631852149963378906e-02 4.948425292968750000e-02
5.613183975219726562e-02 9.719371795654296875e-03
5.620574951171875000e-02 9.691715240478515625e-03
5.568194389343261719e-02 9.730815887451171875e-03
5.581593513488769531e-02 9.822368621826171875e-03
5.569076538085937500e-02 9.755134582519531250e-03
5.420780181884765625e-02 9.607553482055664062e-03
5.513811111450195312e-02 9.653091430664062500e-03
5.484628677368164062e-02 9.835243225097656250e-03
5.579733848571777344e-02 9.716749191284179688e-03
5.367207527160644531e-02 9.623527526855468750e-03
5.555343627929687500e-02 9.653568267822265625e-03
7.217812538146972656e-02 1.068067550659179688e-02
5.813670158386230469e-02 1.006102561950683594e-02
5.702590942382812500e-02 1.002597808837890625e-02
5.560469627380371094e-02 9.704589843750000000e-03
5.443835258483886719e-02 9.577512741088867188e-03
5.408024787902832031e-02 9.855508804321289062e-03
5.395102500915527344e-02 9.499311447143554688e-03
5.429530143737792969e-02 9.586811065673828125e-03
5.418062210083007812e-02 9.704589843750000000e-03
5.434179306030273438e-02 9.620904922485351562e-03
5.414366722106933594e-02 9.689807891845703125e-03
5.291032791137695312e-02 9.565591812133789062e-03
5.396938323974609375e-02 9.606122970581054688e-03
5.357837677001953125e-02 9.528160095214843750e-03
5.444169044494628906e-02 9.577512741088867188e-03
5.499815940856933594e-02 9.818315505981445312e-03
5.471801757812500000e-02 9.512901306152343750e-03
5.455803871154785156e-02 9.636163711547851562e-03
5.454802513122558594e-02 9.535551071166992188e-03
5.578041076660156250e-02 9.820222854614257812e-03
5.430769920349121094e-02 9.653568267822265625e-03
5.365228652954101562e-02 9.553909301757812500e-03
5.345726013183593750e-02 9.667396545410156250e-03
5.432176589965820312e-02 9.631395339965820312e-03
5.444407463073730469e-02 9.608745574951171875e-03
5.448198318481445312e-02 9.905099868774414062e-03
5.457377433776855469e-02 9.506940841674804688e-03
5.436301231384277344e-02 9.663581848144531250e-03
5.431509017944335938e-02 9.564161300659179688e-03
