4.649424552917480469e-02 9.907722473144531250e-03
4.664826393127441406e-02 9.913206100463867188e-03
4.690742492675781250e-02 9.946107864379882812e-03
4.505276679992675781e-02 9.399175643920898438e-03
4.566121101379394531e-02 9.422063827514648438e-03
4.666209220886230469e-02 9.484767913818359375e-03
4.638123512268066406e-02 9.496688842773437500e-03
4.620051383972167969e-02 9.487628936767578125e-03
4.710268974304199219e-02 9.606599807739257812e-03
4.690504074096679688e-02 9.470939636230468750e-03
6.357383728027343750e-02 9.301185607910156250e-03
4.632520675659179688e-02 9.437322616577148438e-03
4.692363739013671875e-02 9.497404098510742188e-03
4.680919647216796875e-02 9.380578994750976562e-03
4.505085945129394531e-02 9.325742721557617188e-03
4.665803909301757812e-02 9.465456008911132812e-03
4.666018486022949219e-02 9.501695632934570312e-03
4.462742805480957031e-02 9.348630905151367188e-03
4.578495025634765625e-02 9.334325790405273438e-03
4.667973518371582031e-02 9.524345397949218750e-03
4.706287384033203125e-02 9.541273117065429688e-03
4.674816131591796875e-02 9.478807449340820312e-03
4.671812057495117188e-02 9.535312652587890625e-03
4.674625396728515625e-02 9.394168853759765625e-03
4.644942283630371094e-02 9.423732757568359375e-03
4.684138298034667969e-02 9.434700012207031250e-03
4.601025581359863281e-02 9.452342987060546875e-03
4.661321640014648438e-02 9.525060653686523438e-03
4.607725143432617188e-02 9.376049041748046875e-03
4.660010337829589844e-02 9.432554244995117188e-03
4.555773735046386719e-02 9.347200393676757812e-03
4.616808891296386719e-02 9.407758712768554688e-03
4.633736610412597656e-02 9.471416473388671875e-03
4.814672470092773438e-02 1.037287712097167969e-02
4.656100273132324219e-02 9.992837905883789062e-03
4.719400405883789062e-02 9.508132934570312500e-03
4.750967025756835938e-02 9.578227996826171875e-03
4.597878456115722656e-02 9.365558624267578125e-03
6.360244750976562500e-02 9.329557418823242188e-03
4.663848876953125000e-02 9.473800659179687500e-03
4.603075981140136719e-02 9.464263916015625000e-03
6.597375869750976562e-02 9.456157684326171875e-03
4.572939872741699219e-02 9.360790252685546875e-03
4.555821418762207031e-02 9.232759475708007812e-03
4.571819305419921875e-02 9.410142898559570312e-03
4.620242118835449219e-02 9.532690048217773438e-03
4.658770561218261719e-02 9.523630142211914062e-03
4.549169540405273438e-02 9.286880493164062500e-03
4.548883438110351562e-02 9.331226348876953125e-03
4.563546180725097656e-02 9.301424026489257812e-03
4.662728309631347656e-02 9.546279907226562500e-03
4.563188552856445312e-02 9.282350540161132812e-03
4.600453376770019531e-02 9.705781936645507812e-03
4.578447341918945312e-02 9.313583374023437500e-03
4.576873779296875000e-02 9.505987167358398438e-03
4.501461982727050781e-02 9.326457977294921875e-03
4.631423950195312500e-02 9.451627731323242188e-03
4.553508758544921875e-02 9.351015090942382812e-03
4.577946662902832031e-02 9.343624114990234375e-03
4.680347442626953125e-02 9.497165679931640625e-03
4.518699645996093750e-02 9.305477142333984375e-03
4.570627212524414062e-02 9.333848953247070312e-03
4.703974723815917969e-02 9.403467178344726562e-03
4.511690139770507812e-02 9.290695190429687500e-03
4.548835754394531250e-02 9.408712387084960938e-03
4.502129554748535156e-02 9.246110916137695312e-03
4.533410072326660156e-02 9.423494338989257812e-03
4.671502113342285156e-02 9.398937225341796875e-03
4.586935043334960938e-02 9.400606155395507812e-03
4.613089561462402344e-02 9.351015090942382812e-03
4.583573341369628906e-02 9.325027465820312500e-03
4.573202133178710938e-02 9.300708770751953125e-03
4.856801033020019531e-02 1.068210601806640625e-02
4.791712760925292969e-02 1.019382476806640625e-02
4.695606231689453125e-02 9.676218032836914062e-03
4.684066772460937500e-02 9.331941604614257812e-03
4.564046859741210938e-02 9.333133697509765625e-03
4.519081115722656250e-02 9.350538253784179688e-03
4.576826095581054688e-02 9.278297424316406250e-03
4.547429084777832031e-02 9.302139282226562500e-03
4.572248458862304688e-02 9.329557418823242188e-03
4.588413238525390625e-02 9.315490722656250000e-03
4.577541351318359375e-02 9.401798248291015625e-03
