1.327350139617919922e-01 1.238965988159179688e-02
1.231663227081298828e-01 1.170277595520019531e-02
1.239333152770996094e-01 1.179194450378417969e-02
1.244809627532958984e-01 1.192784309387207031e-02
1.238431930541992188e-01 1.193928718566894531e-02
1.233782768249511719e-01 1.177573204040527344e-02
1.237387657165527344e-01 1.172709465026855469e-02
1.234054565429687500e-01 1.189208030700683594e-02
1.237046718597412109e-01 1.186347007751464844e-02
1.229717731475830078e-01 1.175093650817871094e-02
1.232588291168212891e-01 1.192045211791992188e-02
1.271390914916992188e-01 1.300477981567382812e-02
1.301004886627197266e-01 1.214909553527832031e-02
1.271784305572509766e-01 1.202487945556640625e-02
1.263291835784912109e-01 1.194882392883300781e-02
1.264147758483886719e-01 1.186299324035644531e-02
1.267271041870117188e-01 1.206326484680175781e-02
1.279673576354980469e-01 1.212382316589355469e-02
1.282019615173339844e-01 1.216387748718261719e-02
1.266641616821289062e-01 1.192879676818847656e-02
1.258993148803710938e-01 1.194071769714355469e-02
1.266262531280517578e-01 1.205182075500488281e-02
1.269278526306152344e-01 1.191592216491699219e-02
1.267285346984863281e-01 1.186609268188476562e-02
1.267139911651611328e-01 1.211690902709960938e-02
1.266539096832275391e-01 1.193952560424804688e-02
1.267163753509521484e-01 1.187014579772949219e-02
1.265420913696289062e-01 1.282811164855957031e-02
