1.464822292327880859e-01 1.290321350097656250e-02
1.408560276031494141e-01 1.229834556579589844e-02
1.420664787292480469e-01 1.237702369689941406e-02
1.407084465026855469e-01 1.232028007507324219e-02
1.409308910369873047e-01 1.220965385437011719e-02
1.447279453277587891e-01 1.284480094909667969e-02
1.421892642974853516e-01 1.233673095703125000e-02
1.405866146087646484e-01 1.235246658325195312e-02
1.399509906768798828e-01 1.226735115051269531e-02
1.403956413269042969e-01 1.230478286743164062e-02
1.403028964996337891e-01 1.232767105102539062e-02
1.402060985565185547e-01 1.249599456787109375e-02
1.403522491455078125e-01 1.232051849365234375e-02
1.590862274169921875e-01 1.232647895812988281e-02
1.405081748962402344e-01 1.231718063354492188e-02
1.391670703887939453e-01 1.223945617675781250e-02
1.389424800872802734e-01 1.215624809265136719e-02
1.402962207794189453e-01 1.231074333190917969e-02
1.403529644012451172e-01 1.229214668273925781e-02
1.456038951873779297e-01 1.321220397949218750e-02
1.428577899932861328e-01 1.234316825866699219e-02
1.349673271179199219e-01 1.222753524780273438e-02
1.318395137786865234e-01 1.224637031555175781e-02
1.318416595458984375e-01 1.223325729370117188e-02
1.324148178100585938e-01 1.221013069152832031e-02
1.319432258605957031e-01 1.216053962707519531e-02
1.318275928497314453e-01 1.219344139099121094e-02
1.319439411163330078e-01 1.219749450683593750e-02
1.320738792419433594e-01 1.208639144897460938e-02
1.317818164825439453e-01 1.217436790466308594e-02
1.317732334136962891e-01 1.208186149597167969e-02
