6.054401397705078125e-02 1.374745368957519531e-02
5.873894691467285156e-02 1.014852523803710938e-02
6.005001068115234375e-02 1.035928726196289062e-02
5.634403228759765625e-02 1.045632362365722656e-02
5.511736869812011719e-02 9.926557540893554688e-03
7.218742370605468750e-02 9.656667709350585938e-03
5.407357215881347656e-02 9.546756744384765625e-03
5.307602882385253906e-02 9.528398513793945312e-03
5.296826362609863281e-02 9.522199630737304688e-03
5.294227600097656250e-02 9.552717208862304688e-03
5.324673652648925781e-02 9.639024734497070312e-03
5.312681198120117188e-02 9.714603424072265625e-03
5.231094360351562500e-02 9.544372558593750000e-03
5.347323417663574219e-02 9.574174880981445312e-03
5.281877517700195312e-02 9.470462799072265625e-03
5.410981178283691406e-02 9.678602218627929688e-03
5.421996116638183594e-02 9.613990783691406250e-03
5.500459671020507812e-02 9.500026702880859375e-03
5.508422851562500000e-02 9.522676467895507812e-03
