1.478028297424316406e-02 2.559900283813476562e-03
1.498842239379882812e-02 2.562999725341796875e-03
1.431846618652343750e-02 2.493143081665039062e-03
1.462030410766601562e-02 2.603054046630859375e-03
1.381254196166992188e-02 2.442836761474609375e-03
1.405453681945800781e-02 2.481222152709960938e-03
1.393151283264160156e-02 2.457857131958007812e-03
1.369929313659667969e-02 2.425432205200195312e-03
1.360654830932617188e-02 2.431631088256835938e-03
1.327991485595703125e-02 2.410411834716796875e-03
1.354193687438964844e-02 2.423286437988281250e-03
2.863049507141113281e-02 3.382444381713867188e-03
1.549386978149414062e-02 2.707719802856445312e-03
1.488709449768066406e-02 2.657890319824218750e-03
1.483583450317382812e-02 2.712249755859375000e-03
1.445579528808593750e-02 2.581357955932617188e-03
1.430583000183105469e-02 2.546787261962890625e-03
1.412272453308105469e-02 2.497911453247070312e-03
1.412558555603027344e-02 2.500534057617187500e-03
1.409578323364257812e-02 2.514600753784179688e-03
1.387119293212890625e-02 2.502441406250000000e-03
1.361513137817382812e-02 2.439737319946289062e-03
