1.163773536682128906e-01 1.387286186218261719e-02
1.113138198852539062e-01 1.178550720214843750e-02
1.066401004791259766e-01 1.144266128540039062e-02
1.043426990509033203e-01 1.110434532165527344e-02
1.036489009857177734e-01 1.110172271728515625e-02
1.043550968170166016e-01 1.130557060241699219e-02
1.044354438781738281e-01 1.136183738708496094e-02
1.046631336212158203e-01 1.103758811950683594e-02
1.048905849456787109e-01 1.119494438171386719e-02
1.228520870208740234e-01 1.122021675109863281e-02
1.047794818878173828e-01 1.116204261779785156e-02
1.047658920288085938e-01 1.098656654357910156e-02
1.226456165313720703e-01 1.112866401672363281e-02
1.038756370544433594e-01 1.101565361022949219e-02
1.049091815948486328e-01 1.109266281127929688e-02
1.048722267150878906e-01 1.109290122985839844e-02
1.045625209808349609e-01 1.117205619812011719e-02
1.036353111267089844e-01 1.106309890747070312e-02
1.048169136047363281e-01 1.125884056091308594e-02
1.048376560211181641e-01 1.109194755554199219e-02
1.081955432891845703e-01 1.160717010498046875e-02
1.075971126556396484e-01 1.108050346374511719e-02
