1.336398124694824219e-01 1.265335083007812500e-02
1.298329830169677734e-01 1.178026199340820312e-02
1.317317485809326172e-01 1.197504997253417969e-02
1.306047439575195312e-01 1.207876205444335938e-02
1.349694728851318359e-01 1.250672340393066406e-02
1.325945854187011719e-01 1.207423210144042969e-02
1.294140815734863281e-01 1.200532913208007812e-02
1.286354064941406250e-01 1.208996772766113281e-02
1.293189525604248047e-01 1.202392578125000000e-02
1.314487457275390625e-01 1.225876808166503906e-02
1.308572292327880859e-01 1.211619377136230469e-02
1.308648586273193359e-01 1.210188865661621094e-02
1.305122375488281250e-01 1.221895217895507812e-02
1.305866241455078125e-01 1.207470893859863281e-02
1.307621002197265625e-01 1.201701164245605469e-02
1.306164264678955078e-01 1.209235191345214844e-02
1.309349536895751953e-01 1.197624206542968750e-02
1.305377483367919922e-01 1.196718215942382812e-02
1.307945251464843750e-01 1.204395294189453125e-02
1.320803165435791016e-01 1.307439804077148438e-02
1.338310241699218750e-01 1.226091384887695312e-02
2.336018085479736328e-01 1.181983947753906250e-02
1.281936168670654297e-01 1.189732551574707031e-02
1.298482418060302734e-01 1.210880279541015625e-02
1.302621364593505859e-01 1.188802719116210938e-02
1.295154094696044922e-01 1.192331314086914062e-02
1.296525001525878906e-01 1.192522048950195312e-02
1.295466423034667969e-01 1.196813583374023438e-02
1.279201507568359375e-01 1.181697845458984375e-02
1.292669773101806641e-01 1.191210746765136719e-02
1.281418800354003906e-01 1.188373565673828125e-02
1.282494068145751953e-01 1.180291175842285156e-02
1.287457942962646484e-01 1.187276840209960938e-02
1.287655830383300781e-01 1.213574409484863281e-02
1.298623085021972656e-01 1.316809654235839844e-02
1.310830116271972656e-01 1.246857643127441406e-02
1.262276172637939453e-01 1.186895370483398438e-02
1.251873970031738281e-01 1.175832748413085938e-02
1.251716613769531250e-01 1.194524765014648438e-02
