2.895498275756835938e-02 2.821922302246093750e-03
2.863264083862304688e-02 2.893447875976562500e-03
4.942369461059570312e-02 2.943038940429687500e-03
2.868080139160156250e-02 2.891302108764648438e-03
2.713227272033691406e-02 2.756595611572265625e-03
2.657103538513183594e-02 2.808570861816406250e-03
2.632474899291992188e-02 2.762079238891601562e-03
2.621364593505859375e-02 2.726316452026367188e-03
2.840757369995117188e-02 2.820014953613281250e-03
2.816677093505859375e-02 2.790927886962890625e-03
2.822828292846679688e-02 2.800464630126953125e-03
2.837371826171875000e-02 2.702951431274414062e-03
2.793765068054199219e-02 2.814531326293945312e-03
2.823877334594726562e-02 2.770185470581054688e-03
2.795910835266113281e-02 2.715349197387695312e-03
2.821683883666992188e-02 2.790212631225585938e-03
2.811527252197265625e-02 2.773761749267578125e-03
2.810764312744140625e-02 2.829551696777343750e-03
