5.333590507507324219e-02 1.011610031127929688e-02
5.303645133972167969e-02 1.006460189819335938e-02
5.301618576049804688e-02 1.013541221618652344e-02
5.215549468994140625e-02 4.901432991027832031e-02
5.235481262207031250e-02 9.881973266601562500e-03
5.259060859680175781e-02 9.646177291870117188e-03
5.122685432434082031e-02 9.578466415405273438e-03
5.224061012268066406e-02 9.737968444824218750e-03
7.130575180053710938e-02 9.719371795654296875e-03
5.228281021118164062e-02 9.655714035034179688e-03
5.218839645385742188e-02 9.686231613159179688e-03
5.229043960571289062e-02 9.640455245971679688e-03
5.237174034118652344e-02 9.866714477539062500e-03
5.226349830627441406e-02 9.596824645996093750e-03
5.208277702331542969e-02 9.609222412109375000e-03
5.134010314941406250e-02 9.581565856933593750e-03
5.582857131958007812e-02 1.032757759094238281e-02
5.406689643859863281e-02 1.017141342163085938e-02
5.242109298706054688e-02 9.872436523437500000e-03
5.149793624877929688e-02 9.583711624145507812e-03
5.247855186462402344e-02 9.812116622924804688e-03
5.119991302490234375e-02 9.630680084228515625e-03
5.088043212890625000e-02 9.509325027465820312e-03
5.218958854675292969e-02 9.691715240478515625e-03
6.962656974792480469e-02 9.703636169433593750e-03
5.254578590393066406e-02 9.701728820800781250e-03
5.087494850158691406e-02 9.586095809936523438e-03
5.083250999450683594e-02 9.506464004516601562e-03
7.059240341186523438e-02 9.499311447143554688e-03
5.073237419128417969e-02 9.505033493041992188e-03
5.080676078796386719e-02 9.547948837280273438e-03
5.132651329040527344e-02 9.645700454711914062e-03
5.078697204589843750e-02 9.492874145507812500e-03
5.101585388183593750e-02 9.522676467895507812e-03
5.230903625488281250e-02 9.694814682006835938e-03
5.100798606872558594e-02 9.636402130126953125e-03
5.127763748168945312e-02 9.719610214233398438e-03
5.162501335144042969e-02 9.577274322509765625e-03
5.134177207946777344e-02 9.590625762939453125e-03
5.097627639770507812e-02 9.500265121459960938e-03
5.088305473327636719e-02 9.627819061279296875e-03
5.077505111694335938e-02 9.485244750976562500e-03
5.072069168090820312e-02 9.521722793579101562e-03
5.087041854858398438e-02 9.524822235107421875e-03
5.097365379333496094e-02 9.636878967285156250e-03
5.072426795959472656e-02 9.491205215454101562e-03
5.100989341735839844e-02 9.568452835083007812e-03
