3.514757156372070312e-01 2.780914306640625000e-03
2.313303947448730469e-02 2.682685852050781250e-03
3.964853286743164062e-02 2.970218658447265625e-03
2.318906784057617188e-02 2.655982971191406250e-03
2.322793006896972656e-02 2.689361572265625000e-03
2.299380302429199219e-02 2.647399902343750000e-03
2.309584617614746094e-02 2.636909484863281250e-03
2.324366569519042969e-02 2.646923065185546875e-03
2.315998077392578125e-02 2.666711807250976562e-03
2.305793762207031250e-02 2.616882324218750000e-03
2.308821678161621094e-02 2.634286880493164062e-03
2.328038215637207031e-02 2.620935440063476562e-03
2.301406860351562500e-02 2.620220184326171875e-03
2.305650711059570312e-02 2.617597579956054688e-03
2.300190925598144531e-02 2.678155899047851562e-03
2.322196960449218750e-02 2.664089202880859375e-03
2.322125434875488281e-02 2.642393112182617188e-03
2.318358421325683594e-02 2.622127532958984375e-03
