7.362079620361328125e-02 1.419472694396972656e-02
7.350182533264160156e-02 1.467132568359375000e-02
6.622600555419921875e-02 9.904861450195312500e-03
6.708765029907226562e-02 1.007604598999023438e-02
6.700539588928222656e-02 1.022768020629882812e-02
6.564760208129882812e-02 1.003932952880859375e-02
6.583976745605468750e-02 9.932041168212890625e-03
6.583452224731445312e-02 1.016116142272949219e-02
6.699633598327636719e-02 1.007199287414550781e-02
6.690955162048339844e-02 1.025867462158203125e-02
6.564402580261230469e-02 9.889125823974609375e-03
6.598806381225585938e-02 1.004576683044433594e-02
6.579995155334472656e-02 9.992361068725585938e-03
6.689739227294921875e-02 1.004958152770996094e-02
6.604623794555664062e-02 9.958982467651367188e-03
6.584072113037109375e-02 9.912014007568359375e-03
6.570148468017578125e-02 9.954690933227539062e-03
6.560635566711425781e-02 9.955883026123046875e-03
6.551265716552734375e-02 9.934425354003906250e-03
6.566715240478515625e-02 1.009440422058105469e-02
6.584191322326660156e-02 9.888887405395507812e-03
6.562376022338867188e-02 9.898424148559570312e-03
6.550240516662597656e-02 9.904146194458007812e-03
