2.853298187255859375e-02 2.879142761230468750e-03
2.862548828125000000e-02 2.904891967773437500e-03
2.861452102661132812e-02 2.865314483642578125e-03
2.865552902221679688e-02 2.859830856323242188e-03
2.827024459838867188e-02 2.878189086914062500e-03
2.811527252197265625e-02 2.692937850952148438e-03
2.866101264953613281e-02 2.886295318603515625e-03
4.951238632202148438e-02 2.924442291259765625e-03
2.856898307800292969e-02 2.837657928466796875e-03
2.831912040710449219e-02 2.882719039916992188e-03
2.860045433044433594e-02 2.877235412597656250e-03
2.882885932922363281e-02 2.935171127319335938e-03
2.806591987609863281e-02 2.720832824707031250e-03
2.864718437194824219e-02 2.885580062866210938e-03
3.025817871093750000e-02 3.113508224487304688e-03
2.930402755737304688e-02 3.160715103149414062e-03
4.952740669250488281e-02 2.977609634399414062e-03
2.929806709289550781e-02 2.996206283569335938e-03
2.925777435302734375e-02 2.997875213623046875e-03
2.814722061157226562e-02 2.732276916503906250e-03
2.844119071960449219e-02 2.895355224609375000e-03
2.783346176147460938e-02 2.790927886962890625e-03
2.804875373840332031e-02 2.738475799560546875e-03
2.818679809570312500e-02 2.842664718627929688e-03
2.791738510131835938e-02 2.786874771118164062e-03
2.808046340942382812e-02 2.726078033447265625e-03
2.792882919311523438e-02 2.721309661865234375e-03
2.796316146850585938e-02 2.723455429077148438e-03
2.811121940612792969e-02 2.741813659667968750e-03
2.767753601074218750e-02 2.740383148193359375e-03
2.858877182006835938e-02 2.876281738281250000e-03
2.815675735473632812e-02 2.754211425781250000e-03
2.798986434936523438e-02 2.876996994018554688e-03
2.812838554382324219e-02 2.739906311035156250e-03
2.800941467285156250e-02 2.694606781005859375e-03
2.846837043762207031e-02 2.768754959106445312e-03
2.783799171447753906e-02 2.793312072753906250e-03
2.739095687866210938e-02 2.700328826904296875e-03
2.782392501831054688e-02 2.759456634521484375e-03
6.641983985900878906e-02 3.174543380737304688e-03
2.816033363342285156e-02 2.677679061889648438e-03
2.869129180908203125e-02 2.867460250854492188e-03
2.753186225891113281e-02 2.745151519775390625e-03
2.794122695922851562e-02 2.738714218139648438e-03
2.805447578430175781e-02 2.697467803955078125e-03
2.809834480285644531e-02 2.735137939453125000e-03
2.775287628173828125e-02 2.737045288085937500e-03
2.783179283142089844e-02 2.725839614868164062e-03
2.784729003906250000e-02 2.743482589721679688e-03
2.775859832763671875e-02 2.697706222534179688e-03
2.772092819213867188e-02 2.742290496826171875e-03
