1.855993270874023438e-02 2.706527709960937500e-03
3.662109375000000000e-02 3.397703170776367188e-03
1.885867118835449219e-02 2.653121948242187500e-03
1.869106292724609375e-02 2.649307250976562500e-03
1.873302459716796875e-02 2.706766128540039062e-03
1.807165145874023438e-02 2.668142318725585938e-03
1.811933517456054688e-02 2.602100372314453125e-03
1.789712905883789062e-02 2.591133117675781250e-03
1.806902885437011719e-02 2.619028091430664062e-03
1.786589622497558594e-02 2.582788467407226562e-03
1.791071891784667969e-02 2.584695816040039062e-03
1.789760589599609375e-02 2.580404281616210938e-03
1.788949966430664062e-02 2.571821212768554688e-03
1.785326004028320312e-02 2.578020095825195312e-03
