1.599526405334472656e-02 2.542018890380859375e-03
3.302621841430664062e-02 3.381967544555664062e-03
1.661443710327148438e-02 2.599477767944335938e-03
1.609802246093750000e-02 2.580881118774414062e-03
1.617932319641113281e-02 2.622365951538085938e-03
1.615500450134277344e-02 2.587556838989257812e-03
1.558160781860351562e-02 2.496957778930664062e-03
1.617217063903808594e-02 2.645730972290039062e-03
1.553606986999511719e-02 2.548694610595703125e-03
1.620006561279296875e-02 2.625703811645507812e-03
1.616239547729492188e-02 2.640724182128906250e-03
1.560163497924804688e-02 2.500772476196289062e-03
1.618146896362304688e-02 2.632856369018554688e-03
1.618146896362304688e-02 2.579212188720703125e-03
1.745653152465820312e-02 2.624511718750000000e-03
1.750755310058593750e-02 2.612352371215820312e-03
1.756763458251953125e-02 2.715826034545898438e-03
1.750898361206054688e-02 2.681970596313476562e-03
1.739430427551269531e-02 2.647399902343750000e-03
1.748442649841308594e-02 2.643585205078125000e-03
1.746702194213867188e-02 2.635955810546875000e-03
1.755499839782714844e-02 2.647399902343750000e-03
1.740598678588867188e-02 2.632617950439453125e-03
1.731920242309570312e-02 2.654790878295898438e-03
1.730370521545410156e-02 2.655029296875000000e-03
1.832151412963867188e-02 2.890586853027343750e-03
1.760292053222656250e-02 2.735853195190429688e-03
1.721072196960449219e-02 2.717018127441406250e-03
1.708531379699707031e-02 2.640962600708007812e-03
1.762938499450683594e-02 2.721071243286132812e-03
1.698327064514160156e-02 2.637147903442382812e-03
1.701021194458007812e-02 2.535581588745117188e-03
1.652240753173828125e-02 2.531290054321289062e-03
1.730799674987792969e-02 2.647638320922851562e-03
1.659250259399414062e-02 2.588272094726562500e-03
1.675105094909667969e-02 2.558946609497070312e-03
1.703286170959472656e-02 2.583980560302734375e-03
1.716494560241699219e-02 2.567768096923828125e-03
1.674818992614746094e-02 2.456665039062500000e-03
1.670289039611816406e-02 2.495288848876953125e-03
1.658034324645996094e-02 2.500057220458984375e-03
1.668953895568847656e-02 2.543687820434570312e-03
1.657557487487792969e-02 2.467632293701171875e-03
1.652193069458007812e-02 2.508640289306640625e-03
1.641798019409179688e-02 2.506971359252929688e-03
1.655220985412597656e-02 2.495288848876953125e-03
1.656293869018554688e-02 2.518177032470703125e-03
