1.351015567779541016e-01 1.637768745422363281e-02
1.345274448394775391e-01 1.205468177795410156e-02
1.303806304931640625e-01 1.204037666320800781e-02
1.470661163330078125e-01 1.190280914306640625e-02
1.498436927795410156e-01 1.202964782714843750e-02
1.307203769683837891e-01 1.205992698669433594e-02
1.472189426422119141e-01 1.193475723266601562e-02
1.305754184722900391e-01 1.203203201293945312e-02
1.303598880767822266e-01 1.206326484680175781e-02
1.359088420867919922e-01 1.251101493835449219e-02
1.323525905609130859e-01 1.215767860412597656e-02
1.309399604797363281e-01 1.210713386535644531e-02
1.303632259368896484e-01 1.196575164794921875e-02
1.311473846435546875e-01 1.205468177795410156e-02
1.305959224700927734e-01 1.199483871459960938e-02
1.309261322021484375e-01 1.208639144897460938e-02
1.462323665618896484e-01 1.194930076599121094e-02
1.299355030059814453e-01 1.190710067749023438e-02
1.310110092163085938e-01 1.202464103698730469e-02
1.307229995727539062e-01 1.201343536376953125e-02
1.468546390533447266e-01 1.210117340087890625e-02
1.308696269989013672e-01 1.203417778015136719e-02
1.293764114379882812e-01 1.191282272338867188e-02
1.302025318145751953e-01 1.203250885009765625e-02
1.358363628387451172e-01 1.250648498535156250e-02
1.328651905059814453e-01 1.203107833862304688e-02
1.307508945465087891e-01 1.201009750366210938e-02
1.306743621826171875e-01 1.223373413085937500e-02
1.294178962707519531e-01 1.201009750366210938e-02
1.305761337280273438e-01 1.199698448181152344e-02
1.296002864837646484e-01 1.193523406982421875e-02
1.310677528381347656e-01 1.209187507629394531e-02
1.304173469543457031e-01 1.202440261840820312e-02
1.305329799652099609e-01 1.205229759216308594e-02
1.305575370788574219e-01 1.199817657470703125e-02
1.303675174713134766e-01 1.204705238342285156e-02
1.296708583831787109e-01 1.185345649719238281e-02
1.296393871307373047e-01 1.192903518676757812e-02
1.296954154968261719e-01 1.188611984252929688e-02
1.322669982910156250e-01 1.307463645935058594e-02
1.343348026275634766e-01 1.244401931762695312e-02
1.291723251342773438e-01 1.192331314086914062e-02
1.296308040618896484e-01 1.202487945556640625e-02
1.296970844268798828e-01 1.202201843261718750e-02
1.285326480865478516e-01 1.194500923156738281e-02
1.289927959442138672e-01 1.205253601074218750e-02
1.464116573333740234e-01 1.204490661621093750e-02
1.287279129028320312e-01 1.194548606872558594e-02
1.287465095520019531e-01 1.196861267089843750e-02
1.284146308898925781e-01 1.189064979553222656e-02
1.284546852111816406e-01 1.192259788513183594e-02
1.282341480255126953e-01 1.194977760314941406e-02
1.300277709960937500e-01 1.209640502929687500e-02
1.290233135223388672e-01 1.193428039550781250e-02
1.297082901000976562e-01 1.197981834411621094e-02
1.322333812713623047e-01 1.264882087707519531e-02
1.321895122528076172e-01 1.222944259643554688e-02
1.287636756896972656e-01 1.191163063049316406e-02
1.286268234252929688e-01 1.201725006103515625e-02
1.288478374481201172e-01 1.206827163696289062e-02
1.286358833312988281e-01 1.189398765563964844e-02
1.286528110504150391e-01 1.195812225341796875e-02
1.287426948547363281e-01 1.193284988403320312e-02
1.287679672241210938e-01 1.190161705017089844e-02
1.286211013793945312e-01 1.188397407531738281e-02
1.285452842712402344e-01 1.188039779663085938e-02
