5.132555961608886719e-02 1.343750953674316406e-02
4.988193511962890625e-02 9.807348251342773438e-03
4.702425003051757812e-02 9.747028350830078125e-03
4.696798324584960938e-02 9.506702423095703125e-03
4.691553115844726562e-02 9.433031082153320312e-03
4.701066017150878906e-02 9.544849395751953125e-03
6.441545486450195312e-02 9.359121322631835938e-03
4.734230041503906250e-02 9.506702423095703125e-03
4.646325111389160156e-02 9.528398513793945312e-03
4.723763465881347656e-02 9.436607360839843750e-03
6.482744216918945312e-02 9.267807006835937500e-03
4.589462280273437500e-02 9.371995925903320312e-03
6.360960006713867188e-02 9.347915649414062500e-03
4.661321640014648438e-02 9.330034255981445312e-03
4.581260681152343750e-02 9.278774261474609375e-03
4.632163047790527344e-02 9.377479553222656250e-03
4.899239540100097656e-02 1.035952568054199219e-02
4.836440086364746094e-02 9.882211685180664062e-03
4.737520217895507812e-02 9.757757186889648438e-03
4.789686203002929688e-02 9.460449218750000000e-03
4.740166664123535156e-02 9.394645690917968750e-03
4.732775688171386719e-02 9.411096572875976562e-03
4.710149765014648438e-02 9.383916854858398438e-03
4.619812965393066406e-02 9.385585784912109375e-03
4.630064964294433594e-02 9.255886077880859375e-03
4.641032218933105469e-02 9.304523468017578125e-03
4.741811752319335938e-02 9.431838989257812500e-03
4.699707031250000000e-02 9.539365768432617188e-03
4.637169837951660156e-02 9.262800216674804688e-03
4.746103286743164062e-02 9.437799453735351562e-03
4.729080200195312500e-02 9.464502334594726562e-03
4.659152030944824219e-02 9.360551834106445312e-03
4.693031311035156250e-02 9.406089782714843750e-03
4.643344879150390625e-02 9.356737136840820312e-03
4.709863662719726562e-02 9.525537490844726562e-03
4.759621620178222656e-02 9.545326232910156250e-03
6.432914733886718750e-02 9.333610534667968750e-03
4.734826087951660156e-02 9.495496749877929688e-03
4.653978347778320312e-02 9.410858154296875000e-03
4.675221443176269531e-02 9.377002716064453125e-03
4.518175125122070312e-02 9.239912033081054688e-03
4.544830322265625000e-02 9.362459182739257812e-03
4.528164863586425781e-02 9.323596954345703125e-03
4.659867286682128906e-02 9.353876113891601562e-03
4.651093482971191406e-02 9.334564208984375000e-03
4.734325408935546875e-02 9.446859359741210938e-03
4.622054100036621094e-02 9.326934814453125000e-03
4.582405090332031250e-02 9.340524673461914062e-03
4.667520523071289062e-02 9.393930435180664062e-03
4.656958580017089844e-02 9.276866912841796875e-03
4.660892486572265625e-02 9.295701980590820312e-03
4.651308059692382812e-02 9.357452392578125000e-03
6.488776206970214844e-02 9.467601776123046875e-03
4.662513732910156250e-02 9.309768676757812500e-03
4.937267303466796875e-02 1.051282882690429688e-02
4.845547676086425781e-02 9.943008422851562500e-03
4.808187484741210938e-02 9.521007537841796875e-03
4.755735397338867188e-02 9.604692459106445312e-03
4.725217819213867188e-02 9.458065032958984375e-03
6.520938873291015625e-02 9.599208831787109375e-03
4.759311676025390625e-02 9.492635726928710938e-03
4.704570770263671875e-02 9.368419647216796875e-03
4.720664024353027344e-02 9.662628173828125000e-03
4.641366004943847656e-02 9.417057037353515625e-03
4.686355590820312500e-02 9.343862533569335938e-03
4.651141166687011719e-02 9.310722351074218750e-03
4.566049575805664062e-02 9.370565414428710938e-03
4.713869094848632812e-02 9.400844573974609375e-03
4.728412628173828125e-02 9.461164474487304688e-03
4.648256301879882812e-02 9.339809417724609375e-03
4.724311828613281250e-02 9.500026702880859375e-03
4.643225669860839844e-02 9.360313415527343750e-03
4.706621170043945312e-02 9.455442428588867188e-03
4.650878906250000000e-02 9.361267089843750000e-03
4.640054702758789062e-02 9.268760681152343750e-03
4.723286628723144531e-02 9.522914886474609375e-03
4.649591445922851562e-02 9.253978729248046875e-03
4.736828804016113281e-02 9.400844573974609375e-03
4.669642448425292969e-02 9.328842163085937500e-03
4.723930358886718750e-02 9.549140930175781250e-03
4.690194129943847656e-02 9.369134902954101562e-03
4.657101631164550781e-02 9.287595748901367188e-03
4.644489288330078125e-02 9.347200393676757812e-03
4.647922515869140625e-02 9.337902069091796875e-03
4.655838012695312500e-02 9.321451187133789062e-03
4.767823219299316406e-02 9.419441223144531250e-03
4.670119285583496094e-02 9.299278259277343750e-03
4.624843597412109375e-02 9.362459182739257812e-03
4.628896713256835938e-02 9.300947189331054688e-03
4.542994499206542969e-02 9.335041046142578125e-03
4.637050628662109375e-02 9.322404861450195312e-03
4.675126075744628906e-02 9.356021881103515625e-03
4.637408256530761719e-02 9.284973144531250000e-03
4.964923858642578125e-02 1.045703887939453125e-02
4.835653305053710938e-02 9.939908981323242188e-03
