3.255105018615722656e-02 2.923965454101562500e-03
3.272581100463867188e-02 2.961635589599609375e-03
3.249192237854003906e-02 2.970933914184570312e-03
3.263640403747558594e-02 2.978801727294921875e-03
3.220939636230468750e-02 2.876281738281250000e-03
3.215384483337402344e-02 2.876043319702148438e-03
3.211307525634765625e-02 2.873182296752929688e-03
3.183174133300781250e-02 2.859354019165039062e-03
4.971790313720703125e-02 2.879858016967773438e-03
3.198790550231933594e-02 2.870559692382812500e-03
3.183007240295410156e-02 2.874851226806640625e-03
3.206014633178710938e-02 2.888917922973632812e-03
3.187847137451171875e-02 2.871751785278320312e-03
3.205633163452148438e-02 2.863883972167968750e-03
3.193783760070800781e-02 2.866983413696289062e-03
3.193259239196777344e-02 2.883434295654296875e-03
3.206825256347656250e-02 2.864837646484375000e-03
3.180694580078125000e-02 2.890825271606445312e-03
