1.501250267028808594e-02 2.524852752685546875e-03
1.449871063232421875e-02 2.492666244506835938e-03
1.480054855346679688e-02 2.591609954833984375e-03
1.443052291870117188e-02 2.541542053222656250e-03
1.509618759155273438e-02 2.643346786499023438e-03
4.466509819030761719e-02 3.873825073242187500e-03
1.683044433593750000e-02 2.592563629150390625e-03
1.477408409118652344e-02 2.547025680541992188e-03
3.483343124389648438e-02 3.432750701904296875e-03
1.616549491882324219e-02 2.531290054321289062e-03
1.415657997131347656e-02 2.460479736328125000e-03
1.413941383361816406e-02 2.493381500244140625e-03
1.421308517456054688e-02 2.452373504638671875e-03
1.421403884887695312e-02 2.451419830322265625e-03
1.410341262817382812e-02 2.456903457641601562e-03
1.422476768493652344e-02 2.456665039062500000e-03
1.419758796691894531e-02 2.511262893676757812e-03
1.416349411010742188e-02 2.455472946166992188e-03
