1.239728927612304688e-02 2.375125885009765625e-03
3.423905372619628906e-02 3.940343856811523438e-03
1.657485961914062500e-02 2.902269363403320312e-03
1.394367218017578125e-02 2.843141555786132812e-03
1.373720169067382812e-02 2.700328826904296875e-03
1.316356658935546875e-02 2.561569213867187500e-03
1.272559165954589844e-02 2.491235733032226562e-03
1.274371147155761719e-02 2.476692199707031250e-03
1.249098777770996094e-02 2.523899078369140625e-03
1.192593574523925781e-02 2.415180206298828125e-03
1.182723045349121094e-02 2.413988113403320312e-03
1.223492622375488281e-02 2.402067184448242188e-03
1.264190673828125000e-02 2.524375915527343750e-03
2.952289581298828125e-02 3.641605377197265625e-03
1.439309120178222656e-02 2.565622329711914062e-03
1.268601417541503906e-02 2.531051635742187500e-03
1.205658912658691406e-02 2.375841140747070312e-03
1.224517822265625000e-02 2.396821975708007812e-03
1.276040077209472656e-02 2.526283264160156250e-03
1.253294944763183594e-02 2.550125122070312500e-03
1.250195503234863281e-02 2.541542053222656250e-03
1.204490661621093750e-02 2.397775650024414062e-03
1.268625259399414062e-02 2.530336380004882812e-03
1.321744918823242188e-02 2.623319625854492188e-03
1.309609413146972656e-02 2.792119979858398438e-03
1.278209686279296875e-02 2.559185028076171875e-03
1.209163665771484375e-02 2.563714981079101562e-03
1.291465759277343750e-02 2.562999725341796875e-03
3.157901763916015625e-02 3.694772720336914062e-03
1.435971260070800781e-02 2.592086791992187500e-03
1.234674453735351562e-02 2.427339553833007812e-03
1.268839836120605469e-02 2.551555633544921875e-03
1.251626014709472656e-02 2.541303634643554688e-03
1.253747940063476562e-02 2.524852752685546875e-03
1.261425018310546875e-02 2.534151077270507812e-03
1.280403137207031250e-02 2.530336380004882812e-03
3.024125099182128906e-02 3.692150115966796875e-03
1.410675048828125000e-02 2.534627914428710938e-03
1.205253601074218750e-02 2.311706542968750000e-03
1.259207725524902344e-02 2.519607543945312500e-03
1.193213462829589844e-02 2.418518066406250000e-03
1.270985603332519531e-02 2.528429031372070312e-03
1.259303092956542969e-02 2.472877502441406250e-03
1.207518577575683594e-02 2.373456954956054688e-03
1.271176338195800781e-02 2.531051635742187500e-03
1.214933395385742188e-02 2.391576766967773438e-03
1.203680038452148438e-02 2.367258071899414062e-03
1.240777969360351562e-02 2.486228942871093750e-03
1.201224327087402344e-02 2.340793609619140625e-03
1.201725006103515625e-02 2.430200576782226562e-03
1.263213157653808594e-02 2.526998519897460938e-03
1.277303695678710938e-02 2.527713775634765625e-03
1.172471046447753906e-02 2.361774444580078125e-03
1.203274726867675781e-02 2.380132675170898438e-03
2.607679367065429688e-02 3.510475158691406250e-03
1.429033279418945312e-02 2.619981765747070312e-03
1.172423362731933594e-02 2.336502075195312500e-03
2.888703346252441406e-02 3.744840621948242188e-03
1.441645622253417969e-02 2.570390701293945312e-03
1.196455955505371094e-02 2.398490905761718750e-03
1.271319389343261719e-02 2.411365509033203125e-03
1.260614395141601562e-02 2.558469772338867188e-03
1.294064521789550781e-02 2.503871917724609375e-03
1.295542716979980469e-02 2.576351165771484375e-03
1.285505294799804688e-02 2.534389495849609375e-03
1.269793510437011719e-02 2.566337585449218750e-03
1.233863830566406250e-02 2.428054809570312500e-03
3.557443618774414062e-02 3.879070281982421875e-03
1.467895507812500000e-02 2.619266510009765625e-03
1.172947883605957031e-02 2.362012863159179688e-03
1.180195808410644531e-02 2.383470535278320312e-03
1.189088821411132812e-02 2.308130264282226562e-03
1.265048980712890625e-02 2.414464950561523438e-03
1.258039474487304688e-02 2.499341964721679688e-03
1.245927810668945312e-02 2.439260482788085938e-03
1.177406311035156250e-02 2.396345138549804688e-03
1.204609870910644531e-02 2.391338348388671875e-03
1.196408271789550781e-02 2.437353134155273438e-03
2.673339843750000000e-02 3.515243530273437500e-03
1.429057121276855469e-02 2.535581588745117188e-03
1.194763183593750000e-02 2.324819564819335938e-03
1.213216781616210938e-02 2.307653427124023438e-03
1.201820373535156250e-02 2.316236495971679688e-03
1.212382316589355469e-02 2.360105514526367188e-03
1.191401481628417969e-02 2.412319183349609375e-03
1.245355606079101562e-02 2.453565597534179688e-03
1.279568672180175781e-02 2.527475357055664062e-03
1.193785667419433594e-02 2.312183380126953125e-03
1.221919059753417969e-02 2.401590347290039062e-03
1.194620132446289062e-02 2.396821975708007812e-03
1.202630996704101562e-02 2.299547195434570312e-03
1.239252090454101562e-02 2.414464950561523438e-03
1.247286796569824219e-02 2.446413040161132812e-03
1.189947128295898438e-02 2.381801605224609375e-03
1.204824447631835938e-02 2.346992492675781250e-03
1.211071014404296875e-02 2.320528030395507812e-03
1.199340820312500000e-02 2.371311187744140625e-03
1.203274726867675781e-02 2.296447753906250000e-03
1.210260391235351562e-02 2.350330352783203125e-03
1.216721534729003906e-02 2.321958541870117188e-03
