2.823400497436523438e-02 2.839803695678710938e-03
2.797174453735351562e-02 2.814292907714843750e-03
2.777838706970214844e-02 2.785205841064453125e-03
4.488372802734375000e-02 2.920389175415039062e-03
2.827525138854980469e-02 2.877473831176757812e-03
2.796959877014160156e-02 2.789020538330078125e-03
2.852058410644531250e-02 2.938985824584960938e-03
4.547619819641113281e-02 2.945661544799804688e-03
5.157446861267089844e-02 3.020286560058593750e-03
2.766227722167968750e-02 2.740621566772460938e-03
2.784490585327148438e-02 2.771615982055664062e-03
2.850008010864257812e-02 2.891302108764648438e-03
2.798652648925781250e-02 2.687454223632812500e-03
2.835488319396972656e-02 2.900600433349609375e-03
5.654239654541015625e-02 3.046512603759765625e-03
2.839589118957519531e-02 2.872705459594726562e-03
2.756524085998535156e-02 2.778291702270507812e-03
2.769923210144042969e-02 2.771139144897460938e-03
2.855706214904785156e-02 2.889156341552734375e-03
2.792763710021972656e-02 2.797365188598632812e-03
2.752542495727539062e-02 2.750873565673828125e-03
2.770757675170898438e-02 2.746343612670898438e-03
2.840209007263183594e-02 2.830266952514648438e-03
2.845597267150878906e-02 2.851963043212890625e-03
2.795147895812988281e-02 2.786159515380859375e-03
2.713274955749511719e-02 2.753019332885742188e-03
2.756094932556152344e-02 2.797603607177734375e-03
2.800655364990234375e-02 2.740144729614257812e-03
2.838754653930664062e-02 2.806901931762695312e-03
2.775573730468750000e-02 2.770662307739257812e-03
2.852725982666015625e-02 2.880811691284179688e-03
2.772283554077148438e-02 2.722024917602539062e-03
2.839159965515136719e-02 2.816677093505859375e-03
2.810287475585937500e-02 2.698183059692382812e-03
2.878046035766601562e-02 2.870798110961914062e-03
2.786350250244140625e-02 2.757787704467773438e-03
2.851343154907226562e-02 2.933502197265625000e-03
2.784800529479980469e-02 2.742052078247070312e-03
2.747273445129394531e-02 2.764225006103515625e-03
2.744340896606445312e-02 2.743959426879882812e-03
2.779936790466308594e-02 2.753019332885742188e-03
2.784252166748046875e-02 2.709865570068359375e-03
2.804231643676757812e-02 2.802610397338867188e-03
2.790141105651855469e-02 2.734899520874023438e-03
2.778697013854980469e-02 2.700328826904296875e-03
2.779889106750488281e-02 2.751588821411132812e-03
2.949976921081542969e-02 3.172159194946289062e-03
2.929139137268066406e-02 2.944707870483398438e-03
2.864170074462890625e-02 2.837657928466796875e-03
2.841401100158691406e-02 2.894878387451171875e-03
2.812480926513671875e-02 2.895355224609375000e-03
2.861523628234863281e-02 2.896547317504882812e-03
2.793097496032714844e-02 2.790689468383789062e-03
2.782535552978515625e-02 2.765178680419921875e-03
2.775096893310546875e-02 2.747535705566406250e-03
2.838015556335449219e-02 2.849817276000976562e-03
2.729082107543945312e-02 2.712965011596679688e-03
2.767825126647949219e-02 2.761125564575195312e-03
2.705693244934082031e-02 2.701997756958007812e-03
2.768802642822265625e-02 2.711772918701171875e-03
2.784681320190429688e-02 2.752780914306640625e-03
2.774906158447265625e-02 2.725124359130859375e-03
2.773642539978027344e-02 2.750396728515625000e-03
2.822756767272949219e-02 2.888917922973632812e-03
2.775359153747558594e-02 2.690792083740234375e-03
2.812409400939941406e-02 2.828359603881835938e-03
5.137681961059570312e-02 2.943992614746093750e-03
2.789139747619628906e-02 2.708911895751953125e-03
2.787780761718750000e-02 2.733230590820312500e-03
2.788090705871582031e-02 2.766132354736328125e-03
2.764892578125000000e-02 2.705812454223632812e-03
2.770066261291503906e-02 2.707719802856445312e-03
2.794337272644042969e-02 2.779006958007812500e-03
2.838110923767089844e-02 2.865314483642578125e-03
2.763247489929199219e-02 2.709865570068359375e-03
2.770471572875976562e-02 2.762079238891601562e-03
2.787780761718750000e-02 2.756357192993164062e-03
2.792477607727050781e-02 2.707719802856445312e-03
2.780485153198242188e-02 2.718925476074218750e-03
2.787613868713378906e-02 2.784967422485351562e-03
2.794241905212402344e-02 2.757787704467773438e-03
2.832818031311035156e-02 2.888441085815429688e-03
2.840566635131835938e-02 2.937078475952148438e-03
6.380963325500488281e-02 3.100156784057617188e-03
2.753877639770507812e-02 2.693176269531250000e-03
2.676701545715332031e-02 2.705574035644531250e-03
2.775597572326660156e-02 2.728700637817382812e-03
2.760577201843261719e-02 2.712011337280273438e-03
2.754259109497070312e-02 2.703666687011718750e-03
2.793741226196289062e-02 2.790927886962890625e-03
2.755689620971679688e-02 2.809762954711914062e-03
2.754020690917968750e-02 2.749681472778320312e-03
2.788090705871582031e-02 2.748489379882812500e-03
