5.863332748413085938e-02 1.026129722595214844e-02
5.533671379089355469e-02 9.987831115722656250e-03
5.519080162048339844e-02 9.871006011962890625e-03
5.236029624938964844e-02 9.655475616455078125e-03
6.875848770141601562e-02 9.502410888671875000e-03
5.212211608886718750e-02 9.692907333374023438e-03
5.233526229858398438e-02 9.751796722412109375e-03
5.250406265258789062e-02 9.768009185791015625e-03
5.201101303100585938e-02 9.590625762939453125e-03
5.142354965209960938e-02 9.645223617553710938e-03
6.883049011230468750e-02 9.663343429565429688e-03
5.144834518432617188e-02 9.530782699584960938e-03
5.109167098999023438e-02 9.633779525756835938e-03
5.229711532592773438e-02 9.749412536621093750e-03
5.246853828430175781e-02 9.775876998901367188e-03
5.144047737121582031e-02 9.637355804443359375e-03
5.099654197692871094e-02 9.593725204467773438e-03
5.182600021362304688e-02 9.710788726806640625e-03
5.625152587890625000e-02 1.066327095031738281e-02
5.329394340515136719e-02 1.011919975280761719e-02
5.242109298706054688e-02 9.935855865478515625e-03
5.220556259155273438e-02 9.733200073242187500e-03
5.096697807312011719e-02 9.526252746582031250e-03
5.215263366699218750e-02 9.620428085327148438e-03
5.135416984558105469e-02 9.682655334472656250e-03
5.251836776733398438e-02 9.736061096191406250e-03
5.262422561645507812e-02 9.913444519042968750e-03
6.926870346069335938e-02 9.585857391357421875e-03
5.127382278442382812e-02 9.542226791381835938e-03
5.106186866760253906e-02 9.640932083129882812e-03
5.237221717834472656e-02 9.640455245971679688e-03
5.095648765563964844e-02 9.673595428466796875e-03
5.246829986572265625e-02 9.635448455810546875e-03
5.256724357604980469e-02 9.800195693969726562e-03
5.144524574279785156e-02 9.682655334472656250e-03
5.115747451782226562e-02 9.645223617553710938e-03
5.127525329589843750e-02 9.966611862182617188e-03
5.152845382690429688e-02 9.523391723632812500e-03
5.081462860107421875e-02 9.557962417602539062e-03
5.074310302734375000e-02 9.568691253662109375e-03
5.096149444580078125e-02 9.649753570556640625e-03
5.128645896911621094e-02 9.896278381347656250e-03
5.099844932556152344e-02 9.552478790283203125e-03
5.083465576171875000e-02 9.644508361816406250e-03
5.232524871826171875e-02 9.634494781494140625e-03
5.250883102416992188e-02 9.852647781372070312e-03
5.102515220642089844e-02 9.550571441650390625e-03
5.139136314392089844e-02 9.540796279907226562e-03
5.080294609069824219e-02 9.515523910522460938e-03
5.094552040100097656e-02 9.588241577148437500e-03
5.091547966003417969e-02 9.563922882080078125e-03
5.130243301391601562e-02 9.516716003417968750e-03
5.081820487976074219e-02 9.539127349853515625e-03
5.246734619140625000e-02 1.089906692504882812e-02
5.463743209838867188e-02 1.013135910034179688e-02
5.277657508850097656e-02 9.726047515869140625e-03
5.125045776367187500e-02 9.531974792480468750e-03
5.229210853576660156e-02 9.720802307128906250e-03
5.241513252258300781e-02 9.630680084228515625e-03
5.147504806518554688e-02 9.578466415405273438e-03
5.114936828613281250e-02 9.723663330078125000e-03
5.266904830932617188e-02 9.738683700561523438e-03
5.109167098999023438e-02 9.524106979370117188e-03
5.093002319335937500e-02 9.542465209960937500e-03
5.081033706665039062e-02 9.648323059082031250e-03
5.111169815063476562e-02 9.773254394531250000e-03
5.089998245239257812e-02 9.571552276611328125e-03
5.103349685668945312e-02 9.706258773803710938e-03
5.094742774963378906e-02 9.723424911499023438e-03
5.131912231445312500e-02 9.579420089721679688e-03
5.098557472229003906e-02 9.579181671142578125e-03
