3.282451629638671875e-02 2.991914749145507812e-03
5.605697631835937500e-02 3.024578094482421875e-03
3.274726867675781250e-02 3.010988235473632812e-03
3.291773796081542969e-02 2.979040145874023438e-03
3.261256217956542969e-02 3.007650375366210938e-03
3.287625312805175781e-02 2.922296524047851562e-03
3.211522102355957031e-02 2.879381179809570312e-03
3.222632408142089844e-02 2.871513366699218750e-03
3.190970420837402344e-02 2.811908721923828125e-03
3.213357925415039062e-02 2.886533737182617188e-03
3.222203254699707031e-02 2.835750579833984375e-03
3.250813484191894531e-02 2.850055694580078125e-03
3.279733657836914062e-02 3.050565719604492188e-03
3.113961219787597656e-02 2.871990203857421875e-03
3.083705902099609375e-02 2.878189086914062500e-03
3.072118759155273438e-02 2.851486206054687500e-03
3.067421913146972656e-02 2.858638763427734375e-03
3.096032142639160156e-02 2.853393554687500000e-03
3.077125549316406250e-02 2.918243408203125000e-03
3.101253509521484375e-02 2.909183502197265625e-03
3.104948997497558594e-02 2.935647964477539062e-03
3.159642219543457031e-02 3.044843673706054688e-03
3.101658821105957031e-02 2.854108810424804688e-03
3.086709976196289062e-02 2.916336059570312500e-03
3.083038330078125000e-02 2.837181091308593750e-03
3.096604347229003906e-02 2.919673919677734375e-03
3.077530860900878906e-02 2.897024154663085938e-03
3.079128265380859375e-02 2.885103225708007812e-03
3.086376190185546875e-02 2.863645553588867188e-03
3.090047836303710938e-02 2.854585647583007812e-03
3.060269355773925781e-02 2.866983413696289062e-03
