1.226329803466796875e-02 2.440929412841796875e-03
1.250362396240234375e-02 2.528905868530273438e-03
1.223206520080566406e-02 2.466678619384765625e-03
1.271533966064453125e-02 2.559423446655273438e-03
1.184988021850585938e-02 2.457857131958007812e-03
1.214098930358886719e-02 2.465724945068359375e-03
1.258897781372070312e-02 2.562522888183593750e-03
2.984642982482910156e-02 3.679513931274414062e-03
1.414632797241210938e-02 2.618789672851562500e-03
1.246237754821777344e-02 2.504348754882812500e-03
1.193118095397949219e-02 2.394676208496093750e-03
1.191329956054687500e-02 2.444744110107421875e-03
1.197886466979980469e-02 2.368211746215820312e-03
1.201057434082031250e-02 2.396821975708007812e-03
1.200747489929199219e-02 2.382278442382812500e-03
1.169395446777343750e-02 2.380371093750000000e-03
1.172232627868652344e-02 2.397537231445312500e-03
1.191496849060058594e-02 2.380132675170898438e-03
1.196646690368652344e-02 2.379894256591796875e-03
