1.110742092132568359e-01 1.567196846008300781e-02
1.103706359863281250e-01 1.101136207580566406e-02
1.046817302703857422e-01 1.116514205932617188e-02
1.040952205657958984e-01 1.114869117736816406e-02
1.106905937194824219e-01 1.205515861511230469e-02
1.075639724731445312e-01 1.187705993652343750e-02
1.039071083068847656e-01 1.111102104187011719e-02
1.037490367889404297e-01 1.104831695556640625e-02
1.046769618988037109e-01 1.110601425170898438e-02
1.050772666931152344e-01 1.115012168884277344e-02
1.047477722167968750e-01 1.101994514465332031e-02
1.036131381988525391e-01 1.103997230529785156e-02
1.035358905792236328e-01 1.104593276977539062e-02
1.034224033355712891e-01 1.103210449218750000e-02
