7.629275321960449219e-02 1.508498191833496094e-02
7.100534439086914062e-02 4.947829246520996094e-02
6.535768508911132812e-02 9.927988052368164062e-03
6.524729728698730469e-02 1.017141342163085938e-02
8.403825759887695312e-02 9.932041168212890625e-03
8.127546310424804688e-02 9.855508804321289062e-03
6.519651412963867188e-02 9.930849075317382812e-03
6.524252891540527344e-02 9.887933731079101562e-03
6.548285484313964844e-02 1.005673408508300781e-02
8.141279220581054688e-02 1.001787185668945312e-02
6.526875495910644531e-02 9.966850280761718750e-03
6.543898582458496094e-02 9.925365447998046875e-03
6.526350975036621094e-02 1.005578041076660156e-02
8.411836624145507812e-02 1.005125045776367188e-02
6.751847267150878906e-02 1.008296012878417969e-02
6.743574142456054688e-02 1.011180877685546875e-02
6.723999977111816406e-02 1.003122329711914062e-02
6.568837165832519531e-02 1.005053520202636719e-02
8.566117286682128906e-02 1.008701324462890625e-02
6.580924987792968750e-02 9.960412979125976562e-03
6.754517555236816406e-02 1.013302803039550781e-02
6.594944000244140625e-02 1.001930236816406250e-02
6.601047515869140625e-02 1.002597808837890625e-02
6.733012199401855469e-02 1.011228561401367188e-02
6.721067428588867188e-02 1.002669334411621094e-02
6.717085838317871094e-02 1.018643379211425781e-02
6.915545463562011719e-02 1.100921630859375000e-02
6.883907318115234375e-02 1.070928573608398438e-02
6.760358810424804688e-02 9.986877441406250000e-03
6.589078903198242188e-02 1.001811027526855469e-02
6.724286079406738281e-02 1.009631156921386719e-02
6.569766998291015625e-02 9.967565536499023438e-03
6.578731536865234375e-02 1.024508476257324219e-02
6.748175621032714844e-02 1.012539863586425781e-02
6.699943542480468750e-02 1.015472412109375000e-02
6.596350669860839844e-02 9.969949722290039062e-03
8.309626579284667969e-02 9.976625442504882812e-03
6.607389450073242188e-02 1.001954078674316406e-02
6.597661972045898438e-02 9.942770004272460938e-03
8.369421958923339844e-02 9.994745254516601562e-03
6.574153900146484375e-02 9.980440139770507812e-03
6.714391708374023438e-02 1.006889343261718750e-02
6.598711013793945312e-02 1.006603240966796875e-02
6.577897071838378906e-02 1.000213623046875000e-02
6.584429740905761719e-02 9.957790374755859375e-03
6.733417510986328125e-02 1.011586189270019531e-02
6.596827507019042969e-02 9.942054748535156250e-03
6.598210334777832031e-02 1.011466979980468750e-02
6.572866439819335938e-02 1.002073287963867188e-02
6.594491004943847656e-02 1.003408432006835938e-02
6.581401824951171875e-02 1.016163825988769531e-02
6.594538688659667969e-02 9.987592697143554688e-03
6.587457656860351562e-02 1.023483276367187500e-02
6.738018989562988281e-02 1.008486747741699219e-02
6.559705734252929688e-02 9.986639022827148438e-03
6.954240798950195312e-02 1.062417030334472656e-02
6.829929351806640625e-02 1.009130477905273438e-02
6.612539291381835938e-02 1.005911827087402344e-02
6.596350669860839844e-02 9.948730468750000000e-03
6.585407257080078125e-02 1.005601882934570312e-02
6.586265563964843750e-02 9.911537170410156250e-03
6.604218482971191406e-02 9.961843490600585938e-03
6.597471237182617188e-02 1.025772094726562500e-02
6.576347351074218750e-02 9.964466094970703125e-03
6.587147712707519531e-02 1.004266738891601562e-02
