1.378943920135498047e-01 1.268291473388671875e-02
1.332430839538574219e-01 1.199793815612792969e-02
1.305069923400878906e-01 1.216936111450195312e-02
1.303501129150390625e-01 1.255965232849121094e-02
1.297659873962402344e-01 1.211714744567871094e-02
1.289322376251220703e-01 1.195859909057617188e-02
1.279861927032470703e-01 1.189947128295898438e-02
1.275267601013183594e-01 1.180219650268554688e-02
1.285622119903564453e-01 1.197290420532226562e-02
1.285586357116699219e-01 1.195955276489257812e-02
1.288774013519287109e-01 1.198434829711914062e-02
1.302893161773681641e-01 1.322364807128906250e-02
1.304092407226562500e-01 1.209521293640136719e-02
1.302921772003173828e-01 1.196980476379394531e-02
1.285154819488525391e-01 1.236629486083984375e-02
1.282696723937988281e-01 1.182222366333007812e-02
1.283600330352783203e-01 1.204776763916015625e-02
1.291136741638183594e-01 1.199769973754882812e-02
1.289370059967041016e-01 1.201295852661132812e-02
1.288912296295166016e-01 1.196956634521484375e-02
1.287088394165039062e-01 1.196861267089843750e-02
1.275348663330078125e-01 1.182103157043457031e-02
1.291542053222656250e-01 1.199316978454589844e-02
1.275360584259033203e-01 1.183390617370605469e-02
1.276059150695800781e-01 1.187753677368164062e-02
1.274428367614746094e-01 1.194190979003906250e-02
1.279804706573486328e-01 1.192760467529296875e-02
1.308107376098632812e-01 1.269578933715820312e-02
1.316547393798828125e-01 1.194095611572265625e-02
1.275994777679443359e-01 1.185464859008789062e-02
1.275882720947265625e-01 1.187491416931152344e-02
1.277875900268554688e-01 1.191544532775878906e-02
