1.096711158752441406e-01 1.230692863464355469e-02
1.130247116088867188e-01 1.102972030639648438e-02
1.058702468872070312e-01 1.113271713256835938e-02
1.061589717864990234e-01 1.147389411926269531e-02
1.065468788146972656e-01 1.123452186584472656e-02
1.052660942077636719e-01 1.125550270080566406e-02
1.045691967010498047e-01 1.115465164184570312e-02
1.046032905578613281e-01 1.108670234680175781e-02
1.058928966522216797e-01 1.116776466369628906e-02
1.069436073303222656e-01 1.134753227233886719e-02
1.043732166290283203e-01 1.115965843200683594e-02
1.061942577362060547e-01 1.145744323730468750e-02
1.062114238739013672e-01 1.240682601928710938e-02
1.119897365570068359e-01 1.179909706115722656e-02
1.064505577087402344e-01 1.119804382324218750e-02
1.059265136718750000e-01 1.123547554016113281e-02
1.046919822692871094e-01 1.124739646911621094e-02
1.048376560211181641e-01 1.111507415771484375e-02
1.054186820983886719e-01 1.118826866149902344e-02
1.045801639556884766e-01 1.109719276428222656e-02
1.052503585815429688e-01 1.123833656311035156e-02
1.060678958892822266e-01 1.123189926147460938e-02
1.046493053436279297e-01 1.110625267028808594e-02
1.043760776519775391e-01 1.119184494018554688e-02
1.050159931182861328e-01 1.107645034790039062e-02
1.047947406768798828e-01 1.107478141784667969e-02
1.050093173980712891e-01 1.122689247131347656e-02
1.061043739318847656e-01 1.136732101440429688e-02
1.050975322723388672e-01 1.136946678161621094e-02
1.043996810913085938e-01 1.116585731506347656e-02
1.062264442443847656e-01 1.112508773803710938e-02
1.045942306518554688e-01 1.254224777221679688e-02
1.107187271118164062e-01 1.165127754211425781e-02
1.073205471038818359e-01 1.134228706359863281e-02
1.045532226562500000e-01 1.116394996643066406e-02
1.070418357849121094e-01 1.122021675109863281e-02
1.044268608093261719e-01 1.129889488220214844e-02
1.258056163787841797e-01 1.129174232482910156e-02
1.043374538421630859e-01 1.105594635009765625e-02
1.049256324768066406e-01 1.118254661560058594e-02
1.047284603118896484e-01 1.108813285827636719e-02
1.049442291259765625e-01 1.103520393371582031e-02
1.050896644592285156e-01 1.119852066040039062e-02
1.068353652954101562e-01 1.118564605712890625e-02
1.038074493408203125e-01 1.110911369323730469e-02
1.054568290710449219e-01 1.121044158935546875e-02
1.058146953582763672e-01 1.129150390625000000e-02
1.047785282135009766e-01 1.104950904846191406e-02
1.049017906188964844e-01 1.121687889099121094e-02
1.046042442321777344e-01 1.098942756652832031e-02
1.067922115325927734e-01 1.231861114501953125e-02
1.092224121093750000e-01 1.156282424926757812e-02
1.071066856384277344e-01 1.115965843200683594e-02
1.046113967895507812e-01 1.108503341674804688e-02
1.041703224182128906e-01 1.099872589111328125e-02
1.046018600463867188e-01 1.105904579162597656e-02
1.049394607543945312e-01 1.130175590515136719e-02
1.045405864715576172e-01 1.112389564514160156e-02
1.051414012908935547e-01 1.110768318176269531e-02
1.046333312988281250e-01 1.103663444519042969e-02
1.034059524536132812e-01 1.110172271728515625e-02
1.038756370544433594e-01 1.106119155883789062e-02
1.049225330352783203e-01 1.112008094787597656e-02
