3.590726852416992188e-02 3.054141998291015625e-03
3.618001937866210938e-02 3.154039382934570312e-03
3.610587120056152344e-02 3.113746643066406250e-03
3.531074523925781250e-02 3.068923950195312500e-03
3.549075126647949219e-02 2.982854843139648438e-03
3.599071502685546875e-02 3.150939941406250000e-03
5.531477928161621094e-02 3.115653991699218750e-03
3.539371490478515625e-02 2.997875213623046875e-03
3.606820106506347656e-02 3.149986267089843750e-03
3.546333312988281250e-02 3.010749816894531250e-03
3.500008583068847656e-02 3.050088882446289062e-03
3.493452072143554688e-02 2.998828887939453125e-03
3.515172004699707031e-02 3.006696701049804688e-03
3.535699844360351562e-02 3.054618835449218750e-03
3.536057472229003906e-02 3.010511398315429688e-03
3.607177734375000000e-02 3.123998641967773438e-03
3.614735603332519531e-02 3.181695938110351562e-03
3.511691093444824219e-02 3.015995025634765625e-03
3.502559661865234375e-02 3.004312515258789062e-03
3.506660461425781250e-02 2.992153167724609375e-03
3.886938095092773438e-02 3.513813018798828125e-03
3.701925277709960938e-02 3.165006637573242188e-03
3.621220588684082031e-02 3.157138824462890625e-03
3.632235527038574219e-02 3.152608871459960938e-03
3.613877296447753906e-02 3.054141998291015625e-03
3.504538536071777344e-02 2.993822097778320312e-03
