1.699686050415039062e-02 2.594470977783203125e-03
3.194379806518554688e-02 3.219366073608398438e-03
1.777243614196777344e-02 2.655029296875000000e-03
4.465889930725097656e-02 3.679275512695312500e-03
1.844286918640136719e-02 2.618551254272460938e-03
1.720952987670898438e-02 2.642154693603515625e-03
1.721882820129394531e-02 2.584695816040039062e-03
1.710176467895507812e-02 2.638101577758789062e-03
1.716876029968261719e-02 2.675771713256835938e-03
1.672792434692382812e-02 2.599000930786132812e-03
1.668500900268554688e-02 2.494335174560546875e-03
1.729416847229003906e-02 2.601623535156250000e-03
1.712465286254882812e-02 2.651214599609375000e-03
1.724743843078613281e-02 2.683877944946289062e-03
1.719641685485839844e-02 2.647876739501953125e-03
1.730775833129882812e-02 2.600908279418945312e-03
1.677989959716796875e-02 2.533912658691406250e-03
1.649928092956542969e-02 2.503633499145507812e-03
1.663541793823242188e-02 2.497911453247070312e-03
1.687860488891601562e-02 2.532005310058593750e-03
1.660752296447753906e-02 2.512693405151367188e-03
1.668834686279296875e-02 2.494096755981445312e-03
1.649737358093261719e-02 2.519845962524414062e-03
1.649856567382812500e-02 2.526998519897460938e-03
1.664376258850097656e-02 2.502202987670898438e-03
1.646590232849121094e-02 2.499103546142578125e-03
1.660013198852539062e-02 2.510786056518554688e-03
1.648855209350585938e-02 2.518415451049804688e-03
1.664781570434570312e-02 2.551317214965820312e-03
1.659536361694335938e-02 2.514123916625976562e-03
