1.475849151611328125e-01 1.296734809875488281e-02
1.410362720489501953e-01 1.218771934509277344e-02
1.396787166595458984e-01 1.244282722473144531e-02
1.411759853363037109e-01 1.224279403686523438e-02
1.412038803100585938e-01 1.227879524230957031e-02
1.415019035339355469e-01 1.232647895812988281e-02
1.410756111145019531e-01 1.242280006408691406e-02
1.414492130279541016e-01 1.234292984008789062e-02
1.399540901184082031e-01 1.218628883361816406e-02
1.397821903228759766e-01 1.219725608825683594e-02
1.397447586059570312e-01 1.220893859863281250e-02
1.398489475250244141e-01 1.210713386535644531e-02
1.403715610504150391e-01 1.221776008605957031e-02
1.405820846557617188e-01 1.335000991821289062e-02
1.448426246643066406e-01 1.258230209350585938e-02
1.402258872985839844e-01 1.223134994506835938e-02
1.393375396728515625e-01 1.217985153198242188e-02
