7.524085044860839844e-02 1.077175140380859375e-02
7.475924491882324219e-02 1.062726974487304688e-02
7.309412956237792969e-02 1.022839546203613281e-02
8.872032165527343750e-02 1.030349731445312500e-02
8.908390998840332031e-02 1.024937629699707031e-02
7.159423828125000000e-02 1.013517379760742188e-02
7.270956039428710938e-02 1.017570495605468750e-02
7.272148132324218750e-02 1.025986671447753906e-02
7.283043861389160156e-02 1.027011871337890625e-02
7.292485237121582031e-02 5.258846282958984375e-02
7.249379158020019531e-02 1.026606559753417969e-02
7.302165031433105469e-02 1.029896736145019531e-02
7.287073135375976562e-02 1.034164428710937500e-02
7.282662391662597656e-02 1.023173332214355469e-02
7.276248931884765625e-02 1.026463508605957031e-02
7.291626930236816406e-02 1.031756401062011719e-02
7.253432273864746094e-02 1.019906997680664062e-02
7.155323028564453125e-02 1.012301445007324219e-02
7.268142700195312500e-02 1.026272773742675781e-02
7.132363319396972656e-02 1.016855239868164062e-02
7.531833648681640625e-02 1.116156578063964844e-02
7.505679130554199219e-02 1.067423820495605469e-02
7.379889488220214844e-02 1.021862030029296875e-02
7.277607917785644531e-02 1.030325889587402344e-02
7.147598266601562500e-02 1.009988784790039062e-02
7.151412963867187500e-02 1.017785072326660156e-02
7.140111923217773438e-02 1.030182838439941406e-02
7.151365280151367188e-02 1.015663146972656250e-02
7.128405570983886719e-02 1.020121574401855469e-02
7.130026817321777344e-02 1.008725166320800781e-02
7.118916511535644531e-02 1.013326644897460938e-02
7.146000862121582031e-02 1.008224487304687500e-02
7.248330116271972656e-02 1.017999649047851562e-02
7.257080078125000000e-02 1.018357276916503906e-02
7.155561447143554688e-02 1.023292541503906250e-02
7.258176803588867188e-02 1.026034355163574219e-02
7.275485992431640625e-02 1.023221015930175781e-02
7.269358634948730469e-02 1.022076606750488281e-02
7.282614707946777344e-02 1.031684875488281250e-02
7.287836074829101562e-02 1.029109954833984375e-02
7.253384590148925781e-02 1.018023490905761719e-02
7.271265983581542969e-02 1.021122932434082031e-02
7.123637199401855469e-02 1.007342338562011719e-02
7.119345664978027344e-02 1.005315780639648438e-02
7.140398025512695312e-02 1.015186309814453125e-02
7.131767272949218750e-02 1.013112068176269531e-02
7.105183601379394531e-02 1.010894775390625000e-02
7.491064071655273438e-02 1.075434684753417969e-02
7.460355758666992188e-02 1.063823699951171875e-02
7.234740257263183594e-02 1.030349731445312500e-02
7.151126861572265625e-02 1.014995574951171875e-02
