1.726293563842773438e-02 2.662658691406250000e-03
1.755142211914062500e-02 2.658605575561523438e-03
1.750612258911132812e-02 2.676486968994140625e-03
1.750469207763671875e-02 2.697229385375976562e-03
1.759743690490722656e-02 2.701759338378906250e-03
1.751685142517089844e-02 2.661943435668945312e-03
1.748371124267578125e-02 2.654075622558593750e-03
1.758718490600585938e-02 2.629280090332031250e-03
1.766037940979003906e-02 2.670764923095703125e-03
1.763296127319335938e-02 2.660989761352539062e-03
1.764845848083496094e-02 2.648830413818359375e-03
1.759076118469238281e-02 2.655267715454101562e-03
1.748514175415039062e-02 2.663373947143554688e-03
1.757669448852539062e-02 2.655744552612304688e-03
1.753115653991699219e-02 2.651453018188476562e-03
1.758265495300292969e-02 2.659559249877929688e-03
1.679468154907226562e-02 2.543687820434570312e-03
1.712489128112792969e-02 2.605676651000976562e-03
3.473830223083496094e-02 3.318548202514648438e-03
1.807451248168945312e-02 2.689361572265625000e-03
1.757216453552246094e-02 2.663612365722656250e-03
3.870606422424316406e-02 3.416061401367187500e-03
1.813077926635742188e-02 2.679586410522460938e-03
1.756620407104492188e-02 2.650499343872070312e-03
1.758003234863281250e-02 2.679347991943359375e-03
1.674818992614746094e-02 2.564430236816406250e-03
1.704502105712890625e-02 2.557039260864257812e-03
1.687622070312500000e-02 2.573251724243164062e-03
1.697921752929687500e-02 2.552986145019531250e-03
1.678848266601562500e-02 2.568244934082031250e-03
1.691627502441406250e-02 2.577066421508789062e-03
1.687502861022949219e-02 2.623796463012695312e-03
1.687979698181152344e-02 2.550125122070312500e-03
1.685047149658203125e-02 2.588272094726562500e-03
