5.064487457275390625e-02 1.339292526245117188e-02
4.988026618957519531e-02 1.387429237365722656e-02
5.040502548217773438e-02 5.282688140869140625e-02
4.840803146362304688e-02 9.851455688476562500e-03
4.849505424499511719e-02 9.618282318115234375e-03
4.701924324035644531e-02 9.394645690917968750e-03
4.746460914611816406e-02 9.532451629638671875e-03
4.740095138549804688e-02 9.457588195800781250e-03
4.676628112792968750e-02 9.396314620971679688e-03
4.746770858764648438e-02 9.467124938964843750e-03
4.702019691467285156e-02 9.505748748779296875e-03
4.600763320922851562e-02 9.305238723754882812e-03
4.615545272827148438e-02 9.299993515014648438e-03
4.736185073852539062e-02 9.438991546630859375e-03
4.679489135742187500e-02 9.405612945556640625e-03
4.513645172119140625e-02 9.330034255981445312e-03
4.498624801635742188e-02 9.299278259277343750e-03
4.605364799499511719e-02 9.271621704101562500e-03
4.638910293579101562e-02 9.464502334594726562e-03
4.597377777099609375e-02 9.302139282226562500e-03
4.688835144042968750e-02 9.296894073486328125e-03
4.658365249633789062e-02 9.309291839599609375e-03
4.651975631713867188e-02 9.388446807861328125e-03
