1.864600181579589844e-02 2.691268920898437500e-03
1.862812042236328125e-02 2.737760543823242188e-03
1.882386207580566406e-02 2.671480178833007812e-03
1.872062683105468750e-02 2.668619155883789062e-03
1.823115348815917969e-02 2.559661865234375000e-03
1.809334754943847656e-02 2.663612365722656250e-03
1.803398132324218750e-02 2.610921859741210938e-03
1.902794837951660156e-02 2.723455429077148438e-03
3.387045860290527344e-02 3.280639648437500000e-03
1.862335205078125000e-02 2.594947814941406250e-03
1.817178726196289062e-02 2.624034881591796875e-03
1.869511604309082031e-02 2.735376358032226562e-03
1.812052726745605469e-02 2.577781677246093750e-03
1.814007759094238281e-02 2.573251724243164062e-03
1.800394058227539062e-02 2.583980560302734375e-03
1.801896095275878906e-02 2.611875534057617188e-03
1.792931556701660156e-02 2.576112747192382812e-03
1.794433593750000000e-02 2.573966979980468750e-03
1.791167259216308594e-02 2.583980560302734375e-03
1.793098449707031250e-02 2.570390701293945312e-03
1.786541938781738281e-02 2.588748931884765625e-03
