7.487559318542480469e-02 6.455135345458984375e-02
7.178950309753417969e-02 1.018905639648437500e-02
6.723046302795410156e-02 1.018214225769042969e-02
6.702637672424316406e-02 1.020669937133789062e-02
6.657671928405761719e-02 1.025509834289550781e-02
6.689023971557617188e-02 1.009225845336914062e-02
6.686735153198242188e-02 1.010131835937500000e-02
6.680369377136230469e-02 1.026988029479980469e-02
6.671500205993652344e-02 1.009464263916015625e-02
6.729578971862792969e-02 1.015734672546386719e-02
6.658768653869628906e-02 1.010465621948242188e-02
6.667041778564453125e-02 1.013040542602539062e-02
6.693124771118164062e-02 1.030206680297851562e-02
6.710791587829589844e-02 1.013422012329101562e-02
6.690526008605957031e-02 1.018357276916503906e-02
6.692767143249511719e-02 1.014900207519531250e-02
6.557965278625488281e-02 1.003861427307128906e-02
6.668686866760253906e-02 1.017475128173828125e-02
6.738615036010742188e-02 1.006817817687988281e-02
6.717586517333984375e-02 1.022362709045410156e-02
6.599712371826171875e-02 1.001691818237304688e-02
6.717157363891601562e-02 1.015496253967285156e-02
6.683206558227539062e-02 1.023674011230468750e-02
6.616282463073730469e-02 1.014542579650878906e-02
6.716203689575195312e-02 1.024317741394042969e-02
6.713938713073730469e-02 1.019287109375000000e-02
6.703591346740722656e-02 1.018977165222167969e-02
6.819772720336914062e-02 1.117515563964843750e-02
6.826114654541015625e-02 1.076602935791015625e-02
6.691360473632812500e-02 1.047205924987792969e-02
6.613969802856445312e-02 1.006364822387695312e-02
6.582045555114746094e-02 1.015996932983398438e-02
6.610059738159179688e-02 1.004862785339355469e-02
6.583809852600097656e-02 1.026153564453125000e-02
6.493067741394042969e-02 9.941816329956054688e-03
6.483697891235351562e-02 1.001763343811035156e-02
8.496046066284179688e-02 1.015806198120117188e-02
6.489181518554687500e-02 1.004314422607421875e-02
6.481289863586425781e-02 1.011013984680175781e-02
6.487393379211425781e-02 1.004195213317871094e-02
6.472039222717285156e-02 9.947538375854492188e-03
6.585407257080078125e-02 1.021480560302734375e-02
6.470656394958496094e-02 9.941816329956054688e-03
6.482434272766113281e-02 1.017117500305175781e-02
6.477379798889160156e-02 1.005578041076660156e-02
6.600904464721679688e-02 1.006603240966796875e-02
6.502246856689453125e-02 1.006388664245605469e-02
6.530451774597167969e-02 9.925365447998046875e-03
6.616425514221191406e-02 1.018476486206054688e-02
6.496977806091308594e-02 9.926080703735351562e-03
6.469821929931640625e-02 9.957075119018554688e-03
6.498432159423828125e-02 1.013827323913574219e-02
6.489109992980957031e-02 9.968519210815429688e-03
6.491327285766601562e-02 1.008224487304687500e-02
6.601190567016601562e-02 1.017427444458007812e-02
6.462621688842773438e-02 1.006388664245605469e-02
6.709742546081542969e-02 1.109147071838378906e-02
6.796503067016601562e-02 1.061964035034179688e-02
6.604123115539550781e-02 1.030135154724121094e-02
6.542134284973144531e-02 1.014328002929687500e-02
6.615781784057617188e-02 1.018381118774414062e-02
6.588220596313476562e-02 1.004958152770996094e-02
6.470656394958496094e-02 1.007819175720214844e-02
6.485772132873535156e-02 9.999513626098632812e-03
6.458473205566406250e-02 1.004719734191894531e-02
6.488037109375000000e-02 1.002526283264160156e-02
6.481671333312988281e-02 1.009273529052734375e-02
6.472516059875488281e-02 9.971857070922851562e-03
6.456565856933593750e-02 1.007580757141113281e-02
6.491374969482421875e-02 9.986639022827148438e-03
6.487369537353515625e-02 1.003122329711914062e-02
