6.047320365905761719e-02 1.423096656799316406e-02
5.606007575988769531e-02 1.023387908935546875e-02
5.415773391723632812e-02 9.665489196777343750e-03
5.123805999755859375e-02 9.828090667724609375e-03
5.496335029602050781e-02 9.734630584716796875e-03
5.371904373168945312e-02 9.571075439453125000e-03
5.265378952026367188e-02 9.695291519165039062e-03
5.331707000732421875e-02 9.580135345458984375e-03
5.461883544921875000e-02 9.766340255737304688e-03
5.404925346374511719e-02 9.662389755249023438e-03
5.270409584045410156e-02 9.607315063476562500e-03
5.294418334960937500e-02 9.809255599975585938e-03
5.258536338806152344e-02 9.517908096313476562e-03
5.330657958984375000e-02 9.535789489746093750e-03
5.332064628601074219e-02 9.587287902832031250e-03
5.264329910278320312e-02 9.604930877685546875e-03
5.323672294616699219e-02 9.543895721435546875e-03
5.418181419372558594e-02 9.618759155273437500e-03
5.401968955993652344e-02 9.771823883056640625e-03
5.732870101928710938e-02 1.099896430969238281e-02
5.676031112670898438e-02 1.012873649597167969e-02
5.640769004821777344e-02 1.000785827636718750e-02
5.279803276062011719e-02 9.575366973876953125e-03
5.410790443420410156e-02 9.535312652587890625e-03
5.350112915039062500e-02 9.643793106079101562e-03
5.437636375427246094e-02 9.613275527954101562e-03
5.293345451354980469e-02 9.472131729125976562e-03
5.375552177429199219e-02 9.553670883178710938e-03
5.267333984375000000e-02 9.535789489746093750e-03
5.283427238464355469e-02 9.600877761840820312e-03
5.416631698608398438e-02 9.495973587036132812e-03
