3.609085083007812500e-02 3.132343292236328125e-03
5.502653121948242188e-02 2.988338470458984375e-03
3.550434112548828125e-02 2.997636795043945312e-03
3.617572784423828125e-02 3.113269805908203125e-03
3.614640235900878906e-02 3.133296966552734375e-03
3.554177284240722656e-02 3.061771392822265625e-03
5.530786514282226562e-02 3.065586090087890625e-03
3.525447845458984375e-02 3.007411956787109375e-03
3.529286384582519531e-02 3.039360046386718750e-03
3.519773483276367188e-02 3.015995025634765625e-03
3.505492210388183594e-02 3.007650375366210938e-03
3.533315658569335938e-02 2.990484237670898438e-03
3.518819808959960938e-02 3.005266189575195312e-03
3.561592102050781250e-02 2.998352050781250000e-03
3.497624397277832031e-02 3.011465072631835938e-03
3.512072563171386719e-02 3.014326095581054688e-03
