1.488828659057617188e-02 2.518653869628906250e-03
1.445293426513671875e-02 2.569198608398437500e-03
4.634165763854980469e-02 3.862380981445312500e-03
1.696705818176269531e-02 2.657413482666015625e-03
1.517081260681152344e-02 2.496480941772460938e-03
1.451277732849121094e-02 2.511024475097656250e-03
1.518154144287109375e-02 2.610445022583007812e-03
1.510047912597656250e-02 2.619981765747070312e-03
1.517248153686523438e-02 2.538442611694335938e-03
1.459789276123046875e-02 2.496004104614257812e-03
1.499462127685546875e-02 2.546548843383789062e-03
1.532626152038574219e-02 2.590179443359375000e-03
1.512956619262695312e-02 2.586841583251953125e-03
1.448822021484375000e-02 2.463817596435546875e-03
1.438641548156738281e-02 2.443075180053710938e-03
1.510143280029296875e-02 2.537488937377929688e-03
1.521444320678710938e-02 2.623319625854492188e-03
2.918887138366699219e-02 3.420114517211914062e-03
1.572108268737792969e-02 2.565860748291015625e-03
1.514267921447753906e-02 2.501726150512695312e-03
1.499319076538085938e-02 2.499341964721679688e-03
3.882288932800292969e-02 3.788232803344726562e-03
3.158354759216308594e-02 3.529071807861328125e-03
1.593685150146484375e-02 2.583503723144531250e-03
2.722835540771484375e-02 2.769708633422851562e-03
1.553654670715332031e-02 2.781629562377929688e-03
1.476788520812988281e-02 2.675771713256835938e-03
1.544308662414550781e-02 2.670288085937500000e-03
1.482629776000976562e-02 2.561569213867187500e-03
1.542305946350097656e-02 2.662658691406250000e-03
1.479101181030273438e-02 2.515077590942382812e-03
1.530408859252929688e-02 2.618074417114257812e-03
1.523780822753906250e-02 2.617835998535156250e-03
1.455903053283691406e-02 2.532005310058593750e-03
1.513290405273437500e-02 2.639293670654296875e-03
1.476120948791503906e-02 2.503156661987304688e-03
1.460599899291992188e-02 2.435445785522460938e-03
1.462864875793457031e-02 2.441167831420898438e-03
1.448416709899902344e-02 2.459764480590820312e-03
1.501441001892089844e-02 2.521038055419921875e-03
1.449847221374511719e-02 2.459287643432617188e-03
1.455545425415039062e-02 2.398967742919921875e-03
1.498913764953613281e-02 2.516031265258789062e-03
1.439785957336425781e-02 2.439737319946289062e-03
1.416993141174316406e-02 2.431392669677734375e-03
1.439261436462402344e-02 2.426385879516601562e-03
1.457595825195312500e-02 2.406120300292968750e-03
1.436352729797363281e-02 2.518177032470703125e-03
1.439595222473144531e-02 2.458095550537109375e-03
1.428365707397460938e-02 2.423048019409179688e-03
1.441359519958496094e-02 2.382516860961914062e-03
1.452350616455078125e-02 2.391576766967773438e-03
