1.439476013183593750e-02 2.505064010620117188e-03
1.452183723449707031e-02 2.557754516601562500e-03
1.392149925231933594e-02 2.474069595336914062e-03
1.450991630554199219e-02 2.563238143920898438e-03
1.380228996276855469e-02 2.449512481689453125e-03
1.387429237365722656e-02 2.480506896972656250e-03
1.444602012634277344e-02 2.567529678344726562e-03
1.448392868041992188e-02 2.526760101318359375e-03
1.460313796997070312e-02 2.558469772338867188e-03
1.385641098022460938e-02 2.500295639038085938e-03
1.457285881042480469e-02 2.558231353759765625e-03
1.454496383666992188e-02 2.545595169067382812e-03
1.443266868591308594e-02 2.516746520996093750e-03
1.384735107421875000e-02 2.406597137451171875e-03
1.374363899230957031e-02 2.407312393188476562e-03
1.433992385864257812e-02 2.531051635742187500e-03
1.440930366516113281e-02 2.521753311157226562e-03
1.446342468261718750e-02 2.523899078369140625e-03
1.432895660400390625e-02 2.523899078369140625e-03
1.395797729492187500e-02 2.426624298095703125e-03
3.900837898254394531e-02 3.697156906127929688e-03
3.406119346618652344e-02 3.586292266845703125e-03
1.727986335754394531e-02 2.763032913208007812e-03
1.493310928344726562e-02 2.562522888183593750e-03
1.373434066772460938e-02 2.414464950561523438e-03
1.444220542907714844e-02 2.525329589843750000e-03
1.455163955688476562e-02 2.533435821533203125e-03
1.443362236022949219e-02 2.532720565795898438e-03
1.432418823242187500e-02 2.517938613891601562e-03
1.359558105468750000e-02 2.403259277343750000e-03
1.376390457153320312e-02 2.416372299194335938e-03
1.362752914428710938e-02 2.402067184448242188e-03
1.419854164123535156e-02 2.562522888183593750e-03
1.389837265014648438e-02 2.409696578979492188e-03
4.548192024230957031e-02 3.947734832763671875e-03
1.671361923217773438e-02 2.543926239013671875e-03
1.450085639953613281e-02 2.515316009521484375e-03
6.248164176940917969e-02 9.101867675781250000e-03
2.352023124694824219e-02 3.133773803710937500e-03
1.535296440124511719e-02 2.518415451049804688e-03
3.535604476928710938e-02 3.574132919311523438e-03
1.618456840515136719e-02 2.436399459838867188e-03
1.439094543457031250e-02 2.447366714477539062e-03
1.446223258972167969e-02 2.461671829223632812e-03
1.442813873291015625e-02 2.383947372436523438e-03
1.439976692199707031e-02 2.448081970214843750e-03
1.432061195373535156e-02 2.567291259765625000e-03
1.453638076782226562e-02 2.451419830322265625e-03
1.462769508361816406e-02 2.388238906860351562e-03
1.424670219421386719e-02 2.380132675170898438e-03
