2.343654632568359375e-02 3.340721130371093750e-03
1.366543769836425781e-02 2.494335174560546875e-03
1.231622695922851562e-02 2.506017684936523438e-03
1.212596893310546875e-02 2.412557601928710938e-03
1.243877410888671875e-02 2.521753311157226562e-03
1.190471649169921875e-02 2.418994903564453125e-03
1.247143745422363281e-02 2.509355545043945312e-03
1.240992546081542969e-02 2.520799636840820312e-03
2.942156791687011719e-02 3.672122955322265625e-03
1.413512229919433594e-02 2.592563629150390625e-03
1.259708404541015625e-02 2.527475357055664062e-03
3.009414672851562500e-02 4.044055938720703125e-03
1.705241203308105469e-02 3.473758697509765625e-03
1.692008972167968750e-02 3.468513488769531250e-03
1.688456535339355469e-02 3.446578979492187500e-03
1.693487167358398438e-02 3.445386886596679688e-03
1.522493362426757812e-02 2.953290939331054688e-03
1.345181465148925781e-02 2.741098403930664062e-03
1.298117637634277344e-02 2.636909484863281250e-03
1.267862319946289062e-02 2.561569213867187500e-03
1.259636878967285156e-02 2.500534057617187500e-03
1.255273818969726562e-02 2.549648284912109375e-03
3.529572486877441406e-02 4.301786422729492188e-03
2.169418334960937500e-02 4.419088363647460938e-03
4.010248184204101562e-02 3.954648971557617188e-03
1.535439491271972656e-02 2.635955810546875000e-03
1.255607604980468750e-02 2.423763275146484375e-03
1.199960708618164062e-02 2.368688583374023438e-03
1.266551017761230469e-02 2.507686614990234375e-03
1.194047927856445312e-02 2.393245697021484375e-03
3.419423103332519531e-02 3.959417343139648438e-03
1.484227180480957031e-02 2.655744552612304688e-03
1.251029968261718750e-02 2.469062805175781250e-03
1.205468177795410156e-02 2.421379089355468750e-03
1.237416267395019531e-02 2.486944198608398438e-03
1.189327239990234375e-02 2.453327178955078125e-03
1.199698448181152344e-02 2.377986907958984375e-03
1.268863677978515625e-02 2.526998519897460938e-03
1.193141937255859375e-02 2.405881881713867188e-03
1.254796981811523438e-02 2.542018890380859375e-03
1.265811920166015625e-02 2.561569213867187500e-03
1.215624809265136719e-02 2.383708953857421875e-03
1.221203804016113281e-02 2.395391464233398438e-03
1.250338554382324219e-02 2.537965774536132812e-03
3.009843826293945312e-02 3.677606582641601562e-03
1.419329643249511719e-02 2.533674240112304688e-03
1.269841194152832031e-02 2.536058425903320312e-03
2.891039848327636719e-02 3.782987594604492188e-03
1.456761360168457031e-02 2.636432647705078125e-03
1.208472251892089844e-02 2.376079559326171875e-03
1.268458366394042969e-02 2.525806427001953125e-03
1.266407966613769531e-02 2.421140670776367188e-03
1.194310188293457031e-02 2.398252487182617188e-03
1.257133483886718750e-02 2.545595169067382812e-03
1.190400123596191406e-02 2.471685409545898438e-03
1.267147064208984375e-02 2.495527267456054688e-03
2.996873855590820312e-02 3.736734390258789062e-03
1.391243934631347656e-02 2.539873123168945312e-03
1.194214820861816406e-02 2.414464950561523438e-03
1.211047172546386719e-02 2.413988113403320312e-03
1.212167739868164062e-02 2.409219741821289062e-03
1.265192031860351562e-02 2.553701400756835938e-03
1.188397407531738281e-02 2.319812774658203125e-03
1.247358322143554688e-02 2.560853958129882812e-03
1.179337501525878906e-02 2.401351928710937500e-03
1.189994812011718750e-02 2.387762069702148438e-03
1.214241981506347656e-02 2.392768859863281250e-03
1.206970214843750000e-02 2.326726913452148438e-03
1.189446449279785156e-02 2.362012863159179688e-03
1.197409629821777344e-02 2.342462539672851562e-03
1.176333427429199219e-02 2.343654632568359375e-03
1.195383071899414062e-02 2.364397048950195312e-03
1.202392578125000000e-02 2.336502075195312500e-03
