1.858854293823242188e-02 2.681732177734375000e-03
1.877093315124511719e-02 2.719879150390625000e-03
1.877355575561523438e-02 2.693414688110351562e-03
1.879739761352539062e-02 2.676248550415039062e-03
1.924443244934082031e-02 2.721071243286132812e-03
1.924395561218261719e-02 2.678871154785156250e-03
1.929640769958496094e-02 2.739667892456054688e-03
1.935935020446777344e-02 2.696514129638671875e-03
1.933240890502929688e-02 2.672672271728515625e-03
1.931142807006835938e-02 2.732276916503906250e-03
1.938390731811523438e-02 2.715110778808593750e-03
1.875615119934082031e-02 2.588748931884765625e-03
1.940870285034179688e-02 2.736330032348632812e-03
1.937770843505859375e-02 2.740144729614257812e-03
1.936912536621093750e-02 2.670764923095703125e-03
1.935982704162597656e-02 2.767324447631835938e-03
1.935601234436035156e-02 2.710580825805664062e-03
1.929068565368652344e-02 2.799272537231445312e-03
1.871657371520996094e-02 2.611637115478515625e-03
1.933598518371582031e-02 2.741575241088867188e-03
1.933646202087402344e-02 2.750873565673828125e-03
1.865458488464355469e-02 2.650260925292968750e-03
1.937627792358398438e-02 2.678155899047851562e-03
1.927351951599121094e-02 2.748727798461914062e-03
1.946687698364257812e-02 2.662658691406250000e-03
3.430867195129394531e-02 3.245115280151367188e-03
3.686475753784179688e-02 3.361940383911132812e-03
1.949620246887207031e-02 2.672672271728515625e-03
1.936292648315429688e-02 2.728939056396484375e-03
1.940655708312988281e-02 2.674102783203125000e-03
1.941609382629394531e-02 2.712726593017578125e-03
1.929998397827148438e-02 2.701044082641601562e-03
1.865935325622558594e-02 2.628326416015625000e-03
1.940655708312988281e-02 2.683401107788085938e-03
1.934194564819335938e-02 2.731084823608398438e-03
1.939678192138671875e-02 2.707481384277343750e-03
1.935482025146484375e-02 2.699136734008789062e-03
1.947021484375000000e-02 2.795219421386718750e-03
1.941895484924316406e-02 2.746820449829101562e-03
4.115056991577148438e-02 3.420114517211914062e-03
1.983618736267089844e-02 2.747297286987304688e-03
1.929545402526855469e-02 2.707958221435546875e-03
1.939630508422851562e-02 2.754926681518554688e-03
1.937532424926757812e-02 2.703666687011718750e-03
1.904964447021484375e-02 2.619028091430664062e-03
4.106187820434570312e-02 3.430604934692382812e-03
1.952171325683593750e-02 2.620697021484375000e-03
1.880884170532226562e-02 2.565145492553710938e-03
1.872634887695312500e-02 2.611398696899414062e-03
1.886534690856933594e-02 2.588510513305664062e-03
1.869463920593261719e-02 2.560377120971679688e-03
1.888823509216308594e-02 2.608537673950195312e-03
1.849102973937988281e-02 2.592325210571289062e-03
1.855516433715820312e-02 2.562046051025390625e-03
1.864171028137207031e-02 2.608299255371093750e-03
1.857113838195800781e-02 2.576589584350585938e-03
1.857566833496093750e-02 2.556324005126953125e-03
1.842761039733886719e-02 2.564430236816406250e-03
1.858568191528320312e-02 2.573490142822265625e-03
