1.952195167541503906e-02 2.694606781005859375e-03
1.969385147094726562e-02 2.791881561279296875e-03
4.193949699401855469e-02 3.311157226562500000e-03
2.023005485534667969e-02 2.735853195190429688e-03
1.974892616271972656e-02 2.785205841064453125e-03
1.907920837402343750e-02 2.654314041137695312e-03
2.004170417785644531e-02 2.755403518676757812e-03
1.994323730468750000e-02 2.741575241088867188e-03
1.929831504821777344e-02 2.650737762451171875e-03
1.919937133789062500e-02 2.639293670654296875e-03
1.917004585266113281e-02 2.656459808349609375e-03
1.908659934997558594e-02 2.649784088134765625e-03
1.959085464477539062e-02 2.729654312133789062e-03
1.961493492126464844e-02 2.790927886962890625e-03
1.975512504577636719e-02 2.730846405029296875e-03
1.957654953002929688e-02 2.771377563476562500e-03
2.139067649841308594e-02 3.028154373168945312e-03
2.001810073852539062e-02 2.815008163452148438e-03
1.993393898010253906e-02 2.760887145996093750e-03
1.952099800109863281e-02 2.737760543823242188e-03
1.964616775512695312e-02 2.748966217041015625e-03
1.950216293334960938e-02 2.768993377685546875e-03
1.963496208190917969e-02 2.754926681518554688e-03
1.969528198242187500e-02 2.732038497924804688e-03
1.937508583068847656e-02 2.653598785400390625e-03
1.910686492919921875e-02 2.657890319824218750e-03
1.906776428222656250e-02 2.648830413818359375e-03
