7.550644874572753906e-02 9.930849075317382812e-03
7.468390464782714844e-02 1.069903373718261719e-02
7.211899757385253906e-02 1.022815704345703125e-02
7.270383834838867188e-02 1.039361953735351562e-02
7.275557518005371094e-02 1.028299331665039062e-02
9.096527099609375000e-02 1.023912429809570312e-02
7.274150848388671875e-02 1.032638549804687500e-02
7.277345657348632812e-02 1.051235198974609375e-02
7.293200492858886719e-02 5.144119262695312500e-02
7.269048690795898438e-02 1.028561592102050781e-02
7.276344299316406250e-02 1.028084754943847656e-02
7.294130325317382812e-02 1.033473014831542969e-02
7.265615463256835938e-02 1.018834114074707031e-02
7.604956626892089844e-02 1.055049896240234375e-02
7.354855537414550781e-02 1.061773300170898438e-02
7.240867614746093750e-02 1.037764549255371094e-02
7.099342346191406250e-02 1.024222373962402344e-02
7.208371162414550781e-02 1.038432121276855469e-02
7.196831703186035156e-02 1.035284996032714844e-02
7.199501991271972656e-02 1.023364067077636719e-02
7.205009460449218750e-02 1.034212112426757812e-02
7.094073295593261719e-02 1.016736030578613281e-02
7.201457023620605469e-02 1.034688949584960938e-02
7.227277755737304688e-02 1.033306121826171875e-02
7.094907760620117188e-02 1.016449928283691406e-02
7.054376602172851562e-02 1.010036468505859375e-02
7.064795494079589844e-02 1.013565063476562500e-02
7.059907913208007812e-02 1.013350486755371094e-02
7.083439826965332031e-02 1.027679443359375000e-02
7.076454162597656250e-02 1.011610031127929688e-02
7.063198089599609375e-02 1.017904281616210938e-02
7.067608833312988281e-02 1.018142700195312500e-02
7.213234901428222656e-02 1.025915145874023438e-02
7.069587707519531250e-02 1.017475128173828125e-02
7.076525688171386719e-02 1.010251045227050781e-02
7.051396369934082031e-02 1.011013984680175781e-02
7.065820693969726562e-02 1.015162467956542969e-02
7.118129730224609375e-02 1.012301445007324219e-02
7.071328163146972656e-02 1.013135910034179688e-02
7.076072692871093750e-02 1.006603240966796875e-02
7.512807846069335938e-02 1.078724861145019531e-02
7.325458526611328125e-02 1.044011116027832031e-02
