3.812527656555175781e-02 3.136634826660156250e-03
3.817296028137207031e-02 3.166913986206054688e-03
3.821086883544921875e-02 3.177881240844726562e-03
3.951692581176757812e-02 3.301620483398437500e-03
3.836011886596679688e-02 3.278970718383789062e-03
3.850460052490234375e-02 3.272056579589843750e-03
3.767561912536621094e-02 3.136396408081054688e-03
3.824234008789062500e-02 3.225088119506835938e-03
3.808712959289550781e-02 3.210067749023437500e-03
3.765559196472167969e-02 3.185987472534179688e-03
3.779029846191406250e-02 3.160715103149414062e-03
3.774070739746093750e-02 3.167390823364257812e-03
3.774261474609375000e-02 3.156185150146484375e-03
3.732275962829589844e-02 3.087997436523437500e-03
3.727674484252929688e-02 3.064632415771484375e-03
3.729319572448730469e-02 3.094673156738281250e-03
3.726530075073242188e-02 3.080129623413085938e-03
3.706097602844238281e-02 3.066301345825195312e-03
3.716635704040527344e-02 3.071308135986328125e-03
3.714680671691894531e-02 3.073692321777343750e-03
3.728008270263671875e-02 3.092765808105468750e-03
3.730010986328125000e-02 3.075361251831054688e-03
