9.111022949218750000e-02 1.131534576416015625e-02
9.107327461242675781e-02 1.067209243774414062e-02
8.991265296936035156e-02 1.070976257324218750e-02
8.984613418579101562e-02 1.105046272277832031e-02
9.039425849914550781e-02 1.071691513061523438e-02
9.107780456542968750e-02 1.079249382019042969e-02
1.072742938995361328e-01 1.072287559509277344e-02
8.990335464477539062e-02 1.059985160827636719e-02
8.886671066284179688e-02 1.068329811096191406e-02
8.966398239135742188e-02 1.066565513610839844e-02
9.013843536376953125e-02 1.070904731750488281e-02
9.016346931457519531e-02 1.070880889892578125e-02
9.168767929077148438e-02 1.076841354370117188e-02
8.974456787109375000e-02 1.075530052185058594e-02
9.311246871948242188e-02 1.183819770812988281e-02
9.341764450073242188e-02 1.116561889648437500e-02
8.804869651794433594e-02 1.065635681152343750e-02
9.017109870910644531e-02 1.062440872192382812e-02
8.949518203735351562e-02 1.064085960388183594e-02
9.076547622680664062e-02 1.076769828796386719e-02
8.992767333984375000e-02 1.071810722351074219e-02
8.914041519165039062e-02 1.061320304870605469e-02
