2.261281013488769531e-02 2.740144729614257812e-03
2.302026748657226562e-02 2.651929855346679688e-03
4.744172096252441406e-02 3.077030181884765625e-03
2.391028404235839844e-02 2.734184265136718750e-03
2.283573150634765625e-02 2.627849578857421875e-03
4.388904571533203125e-02 3.088235855102539062e-03
2.425241470336914062e-02 2.854824066162109375e-03
2.271270751953125000e-02 2.638339996337890625e-03
2.296662330627441406e-02 2.651691436767578125e-03
2.314162254333496094e-02 2.629518508911132812e-03
2.289056777954101562e-02 2.624750137329101562e-03
2.321028709411621094e-02 2.634286880493164062e-03
2.296161651611328125e-02 2.630949020385742188e-03
2.319240570068359375e-02 2.616167068481445312e-03
2.365040779113769531e-02 2.811431884765625000e-03
2.482032775878906250e-02 2.856731414794921875e-03
