1.031293869018554688e-01 1.164245605468750000e-02
1.112499237060546875e-01 1.149892807006835938e-02
1.096341609954833984e-01 1.140499114990234375e-02
1.067032814025878906e-01 1.106977462768554688e-02
1.243789196014404297e-01 1.110720634460449219e-02
1.032247543334960938e-01 1.116228103637695312e-02
1.044938564300537109e-01 1.110839843750000000e-02
1.036474704742431641e-01 1.119160652160644531e-02
1.045720577239990234e-01 1.112961769104003906e-02
1.038460731506347656e-01 1.104903221130371094e-02
1.050171852111816406e-01 1.102876663208007812e-02
1.045496463775634766e-01 1.098680496215820312e-02
1.040511131286621094e-01 1.105713844299316406e-02
1.047101020812988281e-01 1.094293594360351562e-02
1.039028167724609375e-01 1.105189323425292969e-02
1.047401428222656250e-01 1.107501983642578125e-02
1.034259796142578125e-01 1.096630096435546875e-02
1.036179065704345703e-01 1.112604141235351562e-02
1.034460067749023438e-01 1.101016998291015625e-02
