6.216406822204589844e-02 1.049947738647460938e-02
6.186509132385253906e-02 1.084136962890625000e-02
6.096577644348144531e-02 9.841680526733398438e-03
6.079602241516113281e-02 9.848594665527343750e-03
5.929756164550781250e-02 9.859800338745117188e-03
5.949926376342773438e-02 1.004219055175781250e-02
5.960655212402343750e-02 9.864807128906250000e-03
6.052184104919433594e-02 9.922981262207031250e-03
6.075549125671386719e-02 9.850502014160156250e-03
6.083321571350097656e-02 1.007223129272460938e-02
5.952596664428710938e-02 9.869813919067382812e-03
6.074309349060058594e-02 9.958505630493164062e-03
5.924868583679199219e-02 9.962320327758789062e-03
5.931425094604492188e-02 9.924173355102539062e-03
5.940437316894531250e-02 9.847402572631835938e-03
5.911374092102050781e-02 9.737968444824218750e-03
5.941963195800781250e-02 9.735584259033203125e-03
5.914473533630371094e-02 9.824037551879882812e-03
5.911064147949218750e-02 9.798288345336914062e-03
5.925154685974121094e-02 9.797811508178710938e-03
5.959463119506835938e-02 9.747266769409179688e-03
