1.163065433502197266e-01 1.542615890502929688e-02
1.092138290405273438e-01 1.144814491271972656e-02
1.097352504730224609e-01 1.155543327331542969e-02
1.063029766082763672e-01 1.122927665710449219e-02
1.238510608673095703e-01 1.128673553466796875e-02
1.048748493194580078e-01 1.105761528015136719e-02
1.054725646972656250e-01 1.141381263732910156e-02
1.058166027069091797e-01 1.115107536315917969e-02
1.042277812957763672e-01 1.106667518615722656e-02
1.060156822204589844e-01 1.126456260681152344e-02
1.053113937377929688e-01 1.123261451721191406e-02
1.056690216064453125e-01 1.114344596862792969e-02
1.046876907348632812e-01 1.108336448669433594e-02
1.046609878540039062e-01 1.103329658508300781e-02
1.063880920410156250e-01 1.116299629211425781e-02
1.054666042327880859e-01 1.116013526916503906e-02
1.049277782440185547e-01 1.103758811950683594e-02
1.055927276611328125e-01 1.119256019592285156e-02
1.045742034912109375e-01 1.125097274780273438e-02
1.055719852447509766e-01 1.119279861450195312e-02
1.049480438232421875e-01 1.264810562133789062e-02
1.104929447174072266e-01 1.157593727111816406e-02
1.079013347625732422e-01 1.125931739807128906e-02
1.232321262359619141e-01 1.102209091186523438e-02
1.050150394439697266e-01 1.106476783752441406e-02
1.044263839721679688e-01 1.099872589111328125e-02
1.035456657409667969e-01 1.105213165283203125e-02
1.062405109405517578e-01 1.115846633911132812e-02
1.044385433197021484e-01 1.104450225830078125e-02
1.047234535217285156e-01 1.103758811950683594e-02
1.049766540527343750e-01 1.104307174682617188e-02
1.037704944610595703e-01 1.109766960144042969e-02
1.039772033691406250e-01 1.105594635009765625e-02
1.066932678222656250e-01 1.130962371826171875e-02
1.044001579284667969e-01 1.107025146484375000e-02
1.047878265380859375e-01 1.100254058837890625e-02
1.037783622741699219e-01 1.103329658508300781e-02
1.035108566284179688e-01 1.109313964843750000e-02
1.228280067443847656e-01 1.106357574462890625e-02
1.062021255493164062e-01 1.210117340087890625e-02
1.070261001586914062e-01 1.139068603515625000e-02
1.036798954010009766e-01 1.111865043640136719e-02
1.034703254699707031e-01 1.107716560363769531e-02
1.036801338195800781e-01 1.110219955444335938e-02
1.035339832305908203e-01 1.116776466369628906e-02
1.047766208648681641e-01 1.102852821350097656e-02
1.035652160644531250e-01 1.106715202331542969e-02
1.036648750305175781e-01 1.105356216430664062e-02
