2.389597892761230469e-02 2.787590026855468750e-03
2.310109138488769531e-02 2.681016921997070312e-03
2.332019805908203125e-02 2.634763717651367188e-03
2.321887016296386719e-02 2.755403518676757812e-03
4.641485214233398438e-02 3.125190734863281250e-03
2.445268630981445312e-02 2.722263336181640625e-03
2.346515655517578125e-02 2.688169479370117188e-03
2.341270446777343750e-02 2.711534500122070312e-03
4.089188575744628906e-02 3.030061721801757812e-03
2.296137809753417969e-02 2.565383911132812500e-03
2.339076995849609375e-02 2.649545669555664062e-03
2.314448356628417969e-02 2.665281295776367188e-03
2.391576766967773438e-02 2.900123596191406250e-03
2.444005012512207031e-02 3.010034561157226562e-03
2.428388595581054688e-02 2.731084823608398438e-03
2.363395690917968750e-02 2.790927886962890625e-03
2.394318580627441406e-02 2.766370773315429688e-03
2.402472496032714844e-02 2.737283706665039062e-03
