2.787685394287109375e-02 2.887487411499023438e-03
2.848815917968750000e-02 2.865552902221679688e-03
2.835202217102050781e-02 2.902984619140625000e-03
2.853584289550781250e-02 2.891540527343750000e-03
2.853322029113769531e-02 2.932548522949218750e-03
2.790641784667968750e-02 2.728223800659179688e-03
2.719116210937500000e-02 2.763986587524414062e-03
2.770757675170898438e-02 2.790212631225585938e-03
2.767252922058105469e-02 2.758026123046875000e-03
2.770352363586425781e-02 2.745866775512695312e-03
2.712488174438476562e-02 2.697229385375976562e-03
2.779841423034667969e-02 2.732992172241210938e-03
2.773928642272949219e-02 2.723932266235351562e-03
2.731060981750488281e-02 2.773284912109375000e-03
