9.968948364257812500e-02 1.516032218933105469e-02
9.688282012939453125e-02 1.062607765197753906e-02
9.207892417907714844e-02 1.073598861694335938e-02
9.246516227722167969e-02 1.123428344726562500e-02
9.159874916076660156e-02 1.067972183227539062e-02
9.196829795837402344e-02 1.064658164978027344e-02
9.200692176818847656e-02 1.079058647155761719e-02
9.084033966064453125e-02 1.064157485961914062e-02
9.121513366699218750e-02 1.073479652404785156e-02
9.219074249267578125e-02 1.068305969238281250e-02
9.240150451660156250e-02 1.087069511413574219e-02
9.179067611694335938e-02 1.061868667602539062e-02
9.151268005371093750e-02 1.067018508911132812e-02
9.603428840637207031e-02 1.145005226135253906e-02
9.376692771911621094e-02 1.102352142333984375e-02
9.228897094726562500e-02 1.084613800048828125e-02
9.191012382507324219e-02 1.066398620605468750e-02
1.104705333709716797e-01 1.054596900939941406e-02
9.195733070373535156e-02 1.093530654907226562e-02
9.127235412597656250e-02 1.065993309020996094e-02
9.116339683532714844e-02 1.064157485961914062e-02
9.206151962280273438e-02 1.074481010437011719e-02
9.167361259460449219e-02 1.066327095031738281e-02
9.021520614624023438e-02 1.081323623657226562e-02
9.218788146972656250e-02 1.151227951049804688e-02
9.185171127319335938e-02 1.091313362121582031e-02
9.188389778137207031e-02 1.061177253723144531e-02
9.167027473449707031e-02 1.092004776000976562e-02
9.075474739074707031e-02 1.083183288574218750e-02
9.097290039062500000e-02 1.073670387268066406e-02
8.935832977294921875e-02 1.052260398864746094e-02
9.097361564636230469e-02 1.065349578857421875e-02
9.184193611145019531e-02 1.052975654602050781e-02
9.197974205017089844e-02 1.071500778198242188e-02
9.440827369689941406e-02 1.161098480224609375e-02
9.462761878967285156e-02 1.120853424072265625e-02
9.129333496093750000e-02 1.073360443115234375e-02
9.154081344604492188e-02 1.060152053833007812e-02
9.113740921020507812e-02 1.064419746398925781e-02
9.051036834716796875e-02 1.076245307922363281e-02
9.083032608032226562e-02 1.073575019836425781e-02
8.990001678466796875e-02 1.062393188476562500e-02
9.109377861022949219e-02 1.085257530212402344e-02
9.092736244201660156e-02 1.060867309570312500e-02
9.241342544555664062e-02 1.069045066833496094e-02
9.158253669738769531e-02 1.066303253173828125e-02
9.232330322265625000e-02 1.067662239074707031e-02
9.112572669982910156e-02 1.082301139831542969e-02
9.127259254455566406e-02 1.079845428466796875e-02
9.165477752685546875e-02 1.061797142028808594e-02
9.135293960571289062e-02 1.077723503112792969e-02
9.186100959777832031e-02 1.065373420715332031e-02
9.068846702575683594e-02 1.079511642456054688e-02
9.305191040039062500e-02 1.090669631958007812e-02
9.274578094482421875e-02 1.091241836547851562e-02
9.128022193908691406e-02 1.085901260375976562e-02
9.655880928039550781e-02 1.135516166687011719e-02
9.339570999145507812e-02 1.093411445617675781e-02
9.185218811035156250e-02 1.057267189025878906e-02
9.207987785339355469e-02 1.065850257873535156e-02
9.073162078857421875e-02 1.084995269775390625e-02
9.227919578552246094e-02 1.082181930541992188e-02
9.164404869079589844e-02 1.055383682250976562e-02
9.206128120422363281e-02 1.074647903442382812e-02
9.134817123413085938e-02 1.070499420166015625e-02
9.240770339965820312e-02 1.079463958740234375e-02
9.034228324890136719e-02 1.073598861694335938e-02
9.222245216369628906e-02 1.064658164978027344e-02
9.196829795837402344e-02 1.069569587707519531e-02
9.240531921386718750e-02 1.083135604858398438e-02
8.998608589172363281e-02 1.073431968688964844e-02
9.154629707336425781e-02 1.067423820495605469e-02
9.149146080017089844e-02 1.064991950988769531e-02
9.117650985717773438e-02 1.054930686950683594e-02
9.182691574096679688e-02 1.081585884094238281e-02
9.135222434997558594e-02 1.065850257873535156e-02
9.079480171203613281e-02 1.052641868591308594e-02
9.173655509948730469e-02 1.204133033752441406e-02
9.354710578918457031e-02 1.124286651611328125e-02
9.392166137695312500e-02 1.096248626708984375e-02
9.204220771789550781e-02 1.075506210327148438e-02
9.165024757385253906e-02 1.067495346069335938e-02
9.150028228759765625e-02 1.049637794494628906e-02
9.192919731140136719e-02 1.065373420715332031e-02
9.132695198059082031e-02 1.063442230224609375e-02
9.133243560791015625e-02 1.051592826843261719e-02
9.095454216003417969e-02 1.053977012634277344e-02
9.102606773376464844e-02 1.070761680603027344e-02
