3.070974349975585938e-02 2.913236618041992188e-03
3.081941604614257812e-02 2.904891967773437500e-03
3.020834922790527344e-02 2.871513366699218750e-03
3.070425987243652344e-02 2.938747406005859375e-03
3.085827827453613281e-02 2.946615219116210938e-03
3.083372116088867188e-02 2.949714660644531250e-03
3.034329414367675781e-02 2.909183502197265625e-03
3.087854385375976562e-02 3.018379211425781250e-03
3.088235855102539062e-02 2.941370010375976562e-03
3.090667724609375000e-02 2.992630004882812500e-03
3.086709976196289062e-02 2.970218658447265625e-03
3.017687797546386719e-02 2.886295318603515625e-03
3.083610534667968750e-02 2.993583679199218750e-03
3.094053268432617188e-02 2.976655960083007812e-03
3.085327148437500000e-02 2.961397171020507812e-03
3.079628944396972656e-02 3.001689910888671875e-03
3.071522712707519531e-02 2.966165542602539062e-03
4.757308959960937500e-02 2.871036529541015625e-03
3.101277351379394531e-02 3.004550933837890625e-03
3.044915199279785156e-02 2.910614013671875000e-03
3.027319908142089844e-02 2.871274948120117188e-03
3.008961677551269531e-02 2.878189086914062500e-03
3.016304969787597656e-02 2.888202667236328125e-03
3.031826019287109375e-02 2.879858016967773438e-03
3.094720840454101562e-02 2.954721450805664062e-03
3.044295310974121094e-02 2.862930297851562500e-03
3.235936164855957031e-02 3.283500671386718750e-03
3.191661834716796875e-02 3.074884414672851562e-03
3.107690811157226562e-02 2.992391586303710938e-03
4.961848258972167969e-02 2.977848052978515625e-03
3.086376190185546875e-02 2.951860427856445312e-03
3.099584579467773438e-02 3.002405166625976562e-03
3.073072433471679688e-02 2.944707870483398438e-03
3.020238876342773438e-02 2.891063690185546875e-03
3.077626228332519531e-02 2.950668334960937500e-03
3.078722953796386719e-02 3.001928329467773438e-03
3.022742271423339844e-02 2.870559692382812500e-03
3.005003929138183594e-02 2.862691879272460938e-03
3.005576133728027344e-02 2.851009368896484375e-03
3.082895278930664062e-02 2.972126007080078125e-03
3.098607063293457031e-02 2.992391586303710938e-03
3.018951416015625000e-02 2.923727035522460938e-03
3.083109855651855469e-02 2.944469451904296875e-03
4.733681678771972656e-02 2.951622009277343750e-03
3.008890151977539062e-02 2.855777740478515625e-03
3.081321716308593750e-02 2.954483032226562500e-03
3.006982803344726562e-02 2.872228622436523438e-03
3.015208244323730469e-02 2.852439880371093750e-03
3.005313873291015625e-02 2.847433090209960938e-03
3.005981445312500000e-02 2.868890762329101562e-03
3.008723258972167969e-02 2.861022949218750000e-03
3.014445304870605469e-02 2.855062484741210938e-03
3.009581565856933594e-02 2.853631973266601562e-03
3.008031845092773438e-02 2.867698669433593750e-03
3.010368347167968750e-02 2.860784530639648438e-03
