1.216769218444824219e-02 2.441167831420898438e-03
1.184177398681640625e-02 2.372980117797851562e-03
1.186871528625488281e-02 2.362489700317382812e-03
4.005527496337890625e-02 3.938674926757812500e-03
1.472282409667968750e-02 2.562046051025390625e-03
1.250457763671875000e-02 2.461671829223632812e-03
1.250410079956054688e-02 2.512216567993164062e-03
1.259112358093261719e-02 2.508401870727539062e-03
1.252508163452148438e-02 2.507686614990234375e-03
4.022693634033203125e-02 3.989696502685546875e-03
1.508092880249023438e-02 2.606153488159179688e-03
1.206469535827636719e-02 2.371549606323242188e-03
1.183462142944335938e-02 2.433300018310546875e-03
1.198649406433105469e-02 2.388238906860351562e-03
1.197481155395507812e-02 2.378225326538085938e-03
1.205039024353027344e-02 2.522706985473632812e-03
1.291275024414062500e-02 2.785682678222656250e-03
1.269769668579101562e-02 2.735376358032226562e-03
1.232457160949707031e-02 2.485990524291992188e-03
1.222205162048339844e-02 2.537250518798828125e-03
1.214194297790527344e-02 2.466201782226562500e-03
1.228666305541992188e-02 2.464294433593750000e-03
