1.248459935188293457e+00
1.478439450263977051e+00
2.102669477462768555e+00
2.135523557662963867e+00
2.332648754119873047e+00
2.431211471557617188e+00
2.464065790176391602e+00
2.529774188995361328e+00
2.562628269195556641e+00
2.595482587814331055e+00
2.726899385452270508e+00
2.825462102890014648e+00
3.055441379547119141e+00
3.285420894622802734e+00
3.318275213241577148e+00
3.383983612060546875e+00
3.482546091079711914e+00
3.745379924774169922e+00
3.811088323593139648e+00
3.843942403793334961e+00
3.942505121231079102e+00
4.008213520050048828e+00
4.238193035125732422e+00
4.271047115325927734e+00
4.402463912963867188e+00
4.501026630401611328e+00
4.533880710601806641e+00
4.599589347839355469e+00
4.665297508239746094e+00
4.829568862915039062e+00
4.960985660552978516e+00
5.059548377990722656e+00
5.092402458190917969e+00
5.256673336029052734e+00
5.322381973266601562e+00
5.355236053466796875e+00
5.453798770904541016e+00
5.486652851104736328e+00
5.519507408142089844e+00
5.552361488342285156e+00
5.650924205780029297e+00
5.749486446380615234e+00
5.815195083618164062e+00
5.946611881256103516e+00
5.979465961456298828e+00
6.110882759094238281e+00
6.176591396331787109e+00
6.209445476531982422e+00
6.406570911407470703e+00
6.472279071807861328e+00
6.537987709045410156e+00
6.735113143920898438e+00
6.800821304321289062e+00
6.833675384521484375e+00
6.866529941558837891e+00
6.965092182159423828e+00
7.063654899597167969e+00
7.096509456634521484e+00
7.129363536834716797e+00
7.162217617034912109e+00
7.195071697235107422e+00
7.326488494873046875e+00
7.457905769348144531e+00
7.523613929748535156e+00
7.589322566986083984e+00
7.720739364624023438e+00
7.819302082061767578e+00
7.852156162261962891e+00
7.885010242462158203e+00
7.917864322662353516e+00
7.950718879699707031e+00
7.983572959899902344e+00
8.049281120300292969e+00
8.082135200500488281e+00
8.114989280700683594e+00
8.246406555175781250e+00
8.312114715576171875e+00
8.377823829650878906e+00
8.410677909851074219e+00
8.476386070251464844e+00
8.509240150451660156e+00
8.542094230651855469e+00
8.903491020202636719e+00
8.936345100402832031e+00
9.100616455078125000e+00
9.166324615478515625e+00
9.363450050354003906e+00
9.396304130554199219e+00
9.462012290954589844e+00
9.593429565429687500e+00
9.659137725830078125e+00
9.757699966430664062e+00
9.856263160705566406e+00
9.889117240905761719e+00
9.921971321105957031e+00
1.002053356170654297e+01
1.015195083618164062e+01
1.018480491638183594e+01
1.028336715698242188e+01
1.031622219085693359e+01
1.044763946533203125e+01
1.051334667205810547e+01
1.057905578613281250e+01
1.064476394653320312e+01
1.077618026733398438e+01
1.094045162200927734e+01
1.100615978240966797e+01
1.107186889648437500e+01
1.110472297668457031e+01
1.117043113708496094e+01
1.123613929748535156e+01
1.126899337768554688e+01
1.136755657196044922e+01
1.143326473236083984e+01
1.146611881256103516e+01
1.149897289276123047e+01
1.153182792663574219e+01
1.163039016723632812e+01
1.169609832763671875e+01
1.172895240783691406e+01
1.179466247558593750e+01
1.182751560211181641e+01
1.186036968231201172e+01
1.189322376251220703e+01
1.195893192291259766e+01
1.199178600311279297e+01
1.202464103698730469e+01
1.209034919738769531e+01
1.225462055206298828e+01
1.232032871246337891e+01
1.235318279266357422e+01
1.241889095306396484e+01
1.245174503326416016e+01
1.251745414733886719e+01
1.255030822753906250e+01
1.261601638793945312e+01
1.264887046813964844e+01
1.274743366241455078e+01
1.278028774261474609e+01
1.297741317749023438e+01
1.304312133789062500e+01
1.314168357849121094e+01
1.330595493316650391e+01
1.337166309356689453e+01
1.340451717376708984e+01
1.343737125396728516e+01
1.347022628784179688e+01
1.356878852844238281e+01
1.360164260864257812e+01
1.366735076904296875e+01
1.379876804351806641e+01
1.386447620391845703e+01
1.389733028411865234e+01
1.406160163879394531e+01
1.422587299346923828e+01
1.425872707366943359e+01
1.435728931427001953e+01
1.442299747467041016e+01
1.445585346221923828e+01
1.462012290954589844e+01
1.465297698974609375e+01
1.468583202362060547e+01
1.475154018402099609e+01
1.478439426422119141e+01
1.481724834442138672e+01
1.498151969909667969e+01
1.501437377929687500e+01
1.504722785949707031e+01
1.511293601989746094e+01
1.517864513397216797e+01
1.521149921417236328e+01
1.524435329437255859e+01
1.527720737457275391e+01
1.544147872924804688e+01
1.547433280944824219e+01
1.550718688964843750e+01
1.554004096984863281e+01
1.557289505004882812e+01
1.560574913024902344e+01
1.563860416412353516e+01
1.567145824432373047e+01
1.570431232452392578e+01
1.573716640472412109e+01
1.586858272552490234e+01
1.593429183959960938e+01
1.596714591979980469e+01
1.600000000000000000e+01
1.606570816040039062e+01
1.613141632080078125e+01
1.629568862915039062e+01
1.632854270935058594e+01
1.639425086975097656e+01
1.642710494995117188e+01
1.649281311035156250e+01
1.652566719055175781e+01
1.655852127075195312e+01
1.659137535095214844e+01
1.662422943115234375e+01
1.675564765930175781e+01
1.678850173950195312e+01
1.682135581970214844e+01
1.688706398010253906e+01
1.698562622070312500e+01
1.701848030090332031e+01
1.705133438110351562e+01
1.718275070190429688e+01
1.728131484985351562e+01
1.737987709045410156e+01
1.744558525085449219e+01
1.757700157165527344e+01
1.764270973205566406e+01
1.780698204040527344e+01
1.787269020080566406e+01
1.790554428100585938e+01
1.793839836120605469e+01
1.797125244140625000e+01
1.800410652160644531e+01
1.813552284240722656e+01
1.823408699035644531e+01
1.826694107055664062e+01
1.829979515075683594e+01
1.839835739135742188e+01
1.846406555175781250e+01
1.849691963195800781e+01
1.866119003295898438e+01
1.875975418090820312e+01
1.879260826110839844e+01
1.889117050170898438e+01
1.912114906311035156e+01
1.918685913085937500e+01
1.921971321105957031e+01
1.938398361206054688e+01
1.967967224121093750e+01
1.977823448181152344e+01
1.984394264221191406e+01
1.997535896301269531e+01
2.000821304321289062e+01
2.007392120361328125e+01
2.010677528381347656e+01
2.020533943176269531e+01
2.040246391296386719e+01
2.043531799316406250e+01
2.046817207336425781e+01
2.066529846191406250e+01
2.069815254211425781e+01
2.073100662231445312e+01
2.079671478271484375e+01
2.082956886291503906e+01
2.089527702331542969e+01
2.096098518371582031e+01
2.102669334411621094e+01
2.105954742431640625e+01
2.115811157226562500e+01
2.119096565246582031e+01
2.122381973266601562e+01
2.128952789306640625e+01
2.132238197326660156e+01
2.138809013366699219e+01
2.151950645446777344e+01
2.158521652221679688e+01
2.161807060241699219e+01
2.168377876281738281e+01
2.171663284301757812e+01
2.178234100341796875e+01
2.181519508361816406e+01
2.191375732421875000e+01
2.194661140441894531e+01
2.204517364501953125e+01
2.207802963256835938e+01
2.217659187316894531e+01
2.224230003356933594e+01
2.237371635437011719e+01
2.247227859497070312e+01
2.263655090332031250e+01
2.270225906372070312e+01
2.286652946472167969e+01
2.293223762512207031e+01
2.296509170532226562e+01
2.299794578552246094e+01
2.316221809387207031e+01
2.352361488342285156e+01
2.372073936462402344e+01
2.378644752502441406e+01
2.398357200622558594e+01
2.401642799377441406e+01
2.404928207397460938e+01
2.418069839477539062e+01
2.427926063537597656e+01
2.437782287597656250e+01
2.441067695617675781e+01
2.447638511657714844e+01
2.457494926452636719e+01
2.467351150512695312e+01
2.473921966552734375e+01
2.477207374572753906e+01
2.487063598632812500e+01
2.490349006652832031e+01
2.500205421447753906e+01
2.503490829467773438e+01
2.516632461547851562e+01
2.526488685607910156e+01
2.533059501647949219e+01
2.536344909667968750e+01
2.546201324462890625e+01
2.549486732482910156e+01
2.552772140502929688e+01
2.569199180603027344e+01
2.572484588623046875e+01
2.575769996643066406e+01
2.585626220703125000e+01
2.602053451538085938e+01
2.611909675598144531e+01
2.621765899658203125e+01
2.644763946533203125e+01
2.671047210693359375e+01
2.674332618713378906e+01
2.697330665588378906e+01
2.700616073608398438e+01
2.713757705688476562e+01
2.717043113708496094e+01
2.720328521728515625e+01
2.726899337768554688e+01
2.730184745788574219e+01
2.733470153808593750e+01
2.736755561828613281e+01
2.743326568603515625e+01
2.749897384643554688e+01
2.753182792663574219e+01
2.756468200683593750e+01
2.769609832763671875e+01
2.782751464843750000e+01
2.789322471618652344e+01
2.795893287658691406e+01
2.809034919738769531e+01
2.815605735778808594e+01
2.818891143798828125e+01
2.845174598693847656e+01
2.848460006713867188e+01
2.855030822753906250e+01
2.871457862854003906e+01
2.881314086914062500e+01
2.887885093688964844e+01
2.891170501708984375e+01
2.894455909729003906e+01
2.897741317749023438e+01
2.901026725769042969e+01
2.920739173889160156e+01
2.937166404724121094e+01
2.947022628784179688e+01
2.963449668884277344e+01
2.970020484924316406e+01
2.976591300964355469e+01
2.986447715759277344e+01
3.006160163879394531e+01
3.012730979919433594e+01
3.016016387939453125e+01
3.022587203979492188e+01
3.025872611999511719e+01
3.032443618774414062e+01
3.035729026794433594e+01
3.052156066894531250e+01
3.062012290954589844e+01
3.078439331054687500e+01
3.081724929809570312e+01
3.088295745849609375e+01
3.098151969909667969e+01
3.104722785949707031e+01
3.114579010009765625e+01
3.127720832824707031e+01
3.134291648864746094e+01
3.137577056884765625e+01
3.144147872924804688e+01
3.147433280944824219e+01
3.157289505004882812e+01
3.160574913024902344e+01
3.167145729064941406e+01
3.183572959899902344e+01
3.209856414794921875e+01
3.226283264160156250e+01
3.229568862915039062e+01
3.236139678955078125e+01
3.242710494995117188e+01
3.249281311035156250e+01
3.259137725830078125e+01
3.268993759155273438e+01
3.272279357910156250e+01
3.282135391235351562e+01
3.298562622070312500e+01
3.311704254150390625e+01
3.321560668945312500e+01
3.337987518310546875e+01
3.347843933105468750e+01
3.364271163940429688e+01
3.367556381225585938e+01
3.374127197265625000e+01
3.377412796020507812e+01
3.380698013305664062e+01
3.387268829345703125e+01
3.393839645385742188e+01
3.400410842895507812e+01
3.403696060180664062e+01
3.420123291015625000e+01
3.443121337890625000e+01
3.459548187255859375e+01
3.475975418090820312e+01
3.479260635375976562e+01
3.498973464965820312e+01
3.508829498291015625e+01
3.512115097045898438e+01
3.554825592041015625e+01
3.571252441406250000e+01
3.590965270996093750e+01
3.620533752441406250e+01
3.636960983276367188e+01
3.656673431396484375e+01
3.659959030151367188e+01
3.679671478271484375e+01
3.682956695556640625e+01
3.686242294311523438e+01
3.725667190551757812e+01
3.742094421386718750e+01
3.745380020141601562e+01
3.748665237426757812e+01
3.755236053466796875e+01
3.761806869506835938e+01
3.774948501586914062e+01
3.791375732421875000e+01
3.804517364501953125e+01
3.820944595336914062e+01
3.827515411376953125e+01
3.830801010131835938e+01
3.840657043457031250e+01
3.843942642211914062e+01
3.886653137207031250e+01
3.889938354492187500e+01
3.893223953247070312e+01
3.903079986572265625e+01
3.906365585327148438e+01
3.919507217407226562e+01
3.929363632202148438e+01
3.939219665527343750e+01
3.949076080322265625e+01
3.958932113647460938e+01
3.978644943237304688e+01
4.011499023437500000e+01
4.014784240722656250e+01
4.021355056762695312e+01
4.027926254272460938e+01
4.034497070312500000e+01
4.041067886352539062e+01
4.044353103637695312e+01
4.047638702392578125e+01
4.050923919677734375e+01
4.060780334472656250e+01
4.080492782592773438e+01
4.083778381347656250e+01
4.100205230712890625e+01
4.129774093627929688e+01
4.142915725708007812e+01
4.149486541748046875e+01
4.156057357788085938e+01
4.185626220703125000e+01
4.188911819458007812e+01
4.274332809448242188e+01
4.284188842773437500e+01
4.297330474853515625e+01
4.303901290893554688e+01
4.333470153808593750e+01
4.336755752563476562e+01
4.340040969848632812e+01
4.369609832763671875e+01
4.376180648803710938e+01
4.386037063598632812e+01
4.415605926513671875e+01
4.422176742553710938e+01
4.425461959838867188e+01
4.428747558593750000e+01
4.445174407958984375e+01
4.455030822753906250e+01
4.461601638793945312e+01
4.468172454833984375e+01
4.481314086914062500e+01
4.501026535034179688e+01
4.543737030029296875e+01
4.553593444824218750e+01
4.556878662109375000e+01
4.563449859619140625e+01
4.570020675659179688e+01
4.586447525024414062e+01
4.593018341064453125e+01
4.596303939819335938e+01
4.652156066894531250e+01
4.658726882934570312e+01
4.668583297729492188e+01
4.708008193969726562e+01
4.734291458129882812e+01
4.737577056884765625e+01
4.790143585205078125e+01
4.813141632080078125e+01
4.822998046875000000e+01
4.839424896240234375e+01
4.878850173950195312e+01
4.888706207275390625e+01
4.908419036865234375e+01
4.911704254150390625e+01
4.934702301025390625e+01
4.947843933105468750e+01
4.951129531860351562e+01
4.960985565185546875e+01
4.977412796020507812e+01
4.990554428100585938e+01
5.016837692260742188e+01
5.020123291015625000e+01
5.033264923095703125e+01
5.052977371215820312e+01
5.056262969970703125e+01
5.089117050170898438e+01
5.108829498291015625e+01
5.135112762451171875e+01
5.148254776000976562e+01
5.197536087036132812e+01
5.200821304321289062e+01
5.223819351196289062e+01
5.243531799316406250e+01
5.263244247436523438e+01
5.319096374511718750e+01
5.325667190551757812e+01
5.338809204101562500e+01
5.345380020141601562e+01
5.351950836181640625e+01
5.355236053466796875e+01
5.378234100341796875e+01
5.384804916381835938e+01
5.391375732421875000e+01
5.404517364501953125e+01
5.430801010131835938e+01
5.499794769287109375e+01
5.512936401367187500e+01
5.522792434692382812e+01
5.526078033447265625e+01
5.539219665527343750e+01
5.588500976562500000e+01
5.595071792602539062e+01
5.634497070312500000e+01
5.637782287597656250e+01
5.654209518432617188e+01
5.680492782592773438e+01
5.726488876342773438e+01
5.736344909667968750e+01
5.746201324462890625e+01
5.788911819458007812e+01
5.821765899658203125e+01
5.844763946533203125e+01
5.907186889648437500e+01
5.923614120483398438e+01
5.933470153808593750e+01
5.949897384643554688e+01
5.963039016723632812e+01
6.005749511718750000e+01
6.035318374633789062e+01
6.061601638793945312e+01
6.071458053588867188e+01
6.074743270874023438e+01
6.087884902954101562e+01
6.094455718994140625e+01
6.104312133789062500e+01
6.179876708984375000e+01
6.219301986694335938e+01
6.229158020019531250e+01
6.258726882934570312e+01
6.262012481689453125e+01
6.265297698974609375e+01
6.314579010009765625e+01
6.426283264160156250e+01
6.432854461669921875e+01
6.449281311035156250e+01
6.459137725830078125e+01
6.505133819580078125e+01
6.511704254150390625e+01
6.551129150390625000e+01
6.564270782470703125e+01
6.574127197265625000e+01
6.577412414550781250e+01
6.623408508300781250e+01
6.662833404541015625e+01
6.758110809326171875e+01
6.761396026611328125e+01
6.777823638916015625e+01
6.800821685791015625e+01
6.853388214111328125e+01
6.869815063476562500e+01
6.889527893066406250e+01
6.925667572021484375e+01
6.938809204101562500e+01
6.965092468261718750e+01
6.991375732421875000e+01
7.011088562011718750e+01
7.030800628662109375e+01
7.034086608886718750e+01
7.086653137207031250e+01
7.093223571777343750e+01
7.096509552001953125e+01
7.106365203857421875e+01
7.132649230957031250e+01
7.149076080322265625e+01
7.178644561767578125e+01
7.254209136962890625e+01
7.300205230712890625e+01
7.339630126953125000e+01
7.369199371337890625e+01
7.372484588623046875e+01
7.382341003417968750e+01
7.385626220703125000e+01
7.454620361328125000e+01
7.549897003173828125e+01
7.556468200683593750e+01
7.618891143798828125e+01
7.668172454833984375e+01
7.724024963378906250e+01
7.898152160644531250e+01
7.901437377929687500e+01
7.904722595214843750e+01
7.927720642089843750e+01
7.980287170410156250e+01
7.993428802490234375e+01
8.036139678955078125e+01
8.039424896240234375e+01
8.223408508300781250e+01
8.243121337890625000e+01
8.279261016845703125e+01
8.305544281005859375e+01
